2002.290 178.067 72.8502
2002.360 171.053 41.6674
2002.620 90.9529 28.6258
2002.710 103.947 136.802
2002.790 125.695 32.0754
2002.880 159.574 50.4132
2002.960 130.641 27.2912
2003.040 118.789 50.4498
2003.120 154.52 31.6552
2003.210 196.721 48.2606
2003.290 125.164 22.114
2003.360 150.702 26.4948
2003.540 171.455 40.7561
2003.620 86.1433 19.1744
2003.710 46.3285 18.1682
2003.790 61.0077 18.6522
2003.880 110.064 28.7989
2003.960 57.625 34.748
2004.020 121.57 42.8224
2004.130 108.51 22.0522
2004.210 94.103 17.5323
2004.290 171.209 39.451
2004.380 123.234 28.4456
2004.460 156.227 55.9646
2004.540 99.8536 39.8182
2004.630 17.2788 147.493
2004.710 60.0372 41.8896
2004.790 64.3875 124.381
2004.880 111.283 60.0296
2004.960 92.686 22.4315
2005.040 100.463 30.4665
2005.120 127.826 42.2449
2005.210 117.021 39.2486
2005.290 149.356 43.2463
2005.370 154.781 39.9378
2005.460 89.3095 19.9072
2005.540 85.7292 19.683
2005.620 106.222 39.6218
2005.710 65.2469 22.5241
2005.790 93.9155 39.285
2005.880 96.7005 39.0371
2005.960 37.6196 28.6514
2006.040 96.862 35.761
2006.120 127.856 46.2201
2006.210 109.133 33.7608
2006.290 114.055 38.4672
2006.370 122.012 40.4014
2006.460 96.5858 25.2913
2006.540 137.99 51.7268
2006.620 77.5979 36.2542
2006.710 56.0925 46.2568
2006.790 28.4226 25.472
2006.880 72.8447 33.076
2006.960 100.993 41.8534
2007.040 106.073 41.1042
2007.120 80.6709 38.0034
2007.210 62.0147 31.6044
2007.290 57.7076 25.5451
2007.370 59.7197 23.7896
2007.460 73.561 38.5823
2007.540 50.0124 36.477
2007.620 -4.18333 36.5282
2007.710 -36.9207 23.5607
2007.790 23.3379 56.7457
2007.880 -37.1118 27.3508
2007.960 -21.0473 21.2415
2008.040 20.1926 44.5856
2008.130 27.8496 45.927
2008.210 14.4561 29.8356
2008.290 51.4973 62.38
2008.380 -12.8123 24.3525
2008.460 21.4917 37.1226
2008.540 -13.5843 45.005
2008.630 -82.6512 17.8393
2008.710 -25.6325 38.3408
2008.790 -65.3811 24.5118
2008.880 11.6057 54.7862
2008.960 -42.0471 22.6144
2009.040 -10.0734 39.8372
2009.120 44.6233 66.9436
2009.210 -14.3839 32.8136
2009.290 10.6666 40.7211
2009.370 38.5828 35.1766
2009.460 18.7293 42.4466
2009.540 -40.1486 24.0609
2009.620 -114.385 26.7922
2009.710 -54.6248 39.3438
2009.790 -49.6865 49.4414
2009.880 -75.8513 42.5626
2009.960 -42.5763 44.18
2010.040 -39.366 43.6784
2010.120 3.78267 70.1017
2010.210 -26.7312 71.695
2010.290 -34.4053 50.967
2010.370 -20.514 53.4822
2010.460 -92.3333 27.5469
2010.540 -108.67 31.0098
2010.620 -109.946 28.8091
2010.710 -221.299 19.3421
2010.790 -143.678 32.7088
2010.880 -195.647 18.3332
2010.950 -141.651 32.9192
2011.130 -142.782 55.2096
2011.210 -134.98 34.4018
2011.290 -178.954 20.0051
2011.370 -183.608 16.4378
2011.550 -261.446 28.5154
2011.620 -265.131 16.9212
2011.710 -329.976 34.5252
2011.790 -257.434 32.1598
2011.830 -244.949 32.4876
2011.990 -210.883 34.7016
2012.040 -239.758 32.1302
2012.130 -277.759 19.4241
2012.210 -265.905 20.4499
2012.260 -275.026 23.3013
2012.460 -287.209 78.2084
2012.540 -229.547 265.445
2012.630 -385.856 17.158
2012.700 -388.279 21.8034
2012.880 -416.28 32.774
2012.960 -369.033 16.9459
2013.040 -348.642 26.6475
2013.120 -329.488 29.3695
2013.300 -413.451 36.8226
2013.370 -372.972 16.4489
2013.460 -333.424 21.2045
2013.540 -370.223 17.1608
2013.790 -407.553 17.9359
2013.880 -391.174 16.6023
2013.960 -358.664 26.8847
2014.020 -430.052 57.4882
2014.210 -352.915 18.2739
2014.290 -396.72 22.603
2014.370 -321.64 21.8361
2014.450 -368.802 17.0462
2014.620 -461.002 19.5322
2014.710 -437.562 13.9544
2014.790 -485.271 21.7309
2014.880 -438.461 16.7479
2015.060 -536.157 412.045
2015.120 -557.347 11.579
2015.210 -451.795 23.8268
2015.290 -411.761 14.0004
2015.320 -417.775 17.0322
2015.540 -434.629 20.0428
2015.620 -423.956 17.3271
2015.700 -453.842 14.1065
2015.980 -441.981 17.1607
2016.040 -448.203 17.532
2016.120 -436.426 15.8435
2016.210 -409.146 14.2119
2016.380 -411.402 14.9942
2016.460 -431.493 15.6523
2016.540 -475.361 20.1879
2016.640 -541.118 28.0828
2016.910 -563.775 27.2583
2016.980 -583.087 27.1995
2017.060 -472.588 17.5901
2017.250 -458.968 24.116
2017.310 -485.438 30.34
2017.360 -455.537 16.9995
2017.440 -502.562 27.4273
2018.460 -476.444 17.6374
2018.520 -468.116 15.1526
2018.830 -516.154 22.1731
2018.880 -483.495 14.1439
2018.960 -494.857 14.0179
2019.040 -531.602 22.2373
2019.130 -479.7 14.3719
2019.210 -512.503 15.1187
2019.290 -479.179 17.3878
2019.370 -481.434 18.2871
2019.460 -471.128 18.1811
2019.540 -519.171 18.3066
2019.620 -561.548 15.4358
2019.710 -588.919 24.4515
2019.790 -629.037 21.633
2019.880 -665.543 20.3437
2019.960 -597.286 14.682
2020.040 -602.017 24.4255
2020.130 -595.454 24.5084
2020.210 -621.666 22.5537
2020.290 -610.482 23.2774
2020.380 -653.94 23.732
2020.460 -593.263 20.5766
2020.540 -605.071 22.1919
2020.630 -669.194 21.8894
2020.710 -655.63 25.1197
2020.790 -588.953 22.5929
2020.880 -606.926 23.9902
2020.960 -643.413 21.8205
2021.040 -626.009 21.0767
2021.120 -568.204 21.7954
2021.210 -617.158 21.659
2021.290 -604.994 24.3544
2021.370 -624.539 21.909
2021.460 -626.748 21.6839
2021.540 -586.853 20.8808
2021.620 -646.013 20.761
2021.710 -678.465 20.8
2021.790 -708.517 21.7679
2021.880 -643.541 23.3334
2021.960 -612.043 21.8764
2022.040 -611.557 21.6711
2022.120 -605.726 24.0496
2022.210 -608.903 20.7733
2022.290 -612.772 20.7321
2022.370 -601.84 21.7176
2022.460 -558.722 22.7798
2022.540 -621.523 20.7798
2022.620 -611.713 22.8793
2022.710 -635.871 22.6334
2022.790 -714.221 21.195
2022.880 -596.532 22.2781
2022.960 -577.524 24.4836
2023.040 -721.201 25.7068
2023.120 -670.54 24.8945
2023.210 -636.156 24.4068
2023.290 -503.849 91.284
2023.370 -611.05 26.9745
2023.460 -634.341 22.3371
2023.540 -574.078 23.2518
2023.620 -609.514 21.4679
2023.710 -670.024 24.4906
2023.790 -615.588 20.621
2023.880 -702.782 19.0276
2023.960 -696.229 20.5458
2024.040 -610.093 21.5288
2024.130 -615.605 20.4058
2024.210 -602.998 20.1937
2024.290 -646.405 19.2541
2024.380 -651.321 22.6354
