 314.79269  76.67701        37.82
 315.04371  77.08220        45.90
 313.33017  77.25060        38.69
 311.56701  77.40624        29.63
 315.31138  77.48813        53.92
 309.75601  77.54860        18.50
 313.54970  77.65650        50.59
 307.89946  77.67719         4.62
 306.00016  77.79151       -13.34
 311.73551  77.81180        46.61
 315.59743  77.89481        61.83
 302.12926  77.95350       -72.67
 309.87075  77.95350        41.15
 298.21548  78.06323      -165.08
 313.78452  78.06323        59.69
 304.04206  78.08106       -18.58
 307.95794  78.08106        32.60
 290.38370  78.12582      -356.67
 306.00016  78.19398        18.59
 311.91589  78.21828        57.25
 300.08411  78.21828       -94.58
 315.90388  78.30222        68.45
 296.09613  78.30222      -203.97
 288.16434  78.31137      -372.69
 292.11158  78.33300      -307.99
 309.99367  78.35937        53.35
 302.00633  78.35937       -37.03
 297.96367  78.47081      -135.90
 314.03634  78.47081        65.04
 308.02063  78.48595        45.81
 303.97937  78.48595         4.98
 293.90618  78.52807      -251.79
 306.00017  78.59749        31.66
 299.89051  78.62569       -75.43
 312.10950  78.62569        60.62
 295.76700  78.71036      -192.22
 316.23301  78.71036        71.37
 301.87430  78.76624       -27.59
 310.12571  78.76624        54.33
 314.30708  78.87925        64.27
 297.69292  78.87925      -134.42
 303.91200  78.89189         5.89
 308.08801  78.89189        43.84
 306.00017  79.00205        26.08
 299.68214  79.03405       -83.09
 312.31787  79.03405        55.13
 295.41252  79.11923      -205.35
 316.58749  79.11923        67.79
 310.26792  79.17414        43.07
 301.73208  79.17414       -42.40
 297.40098  79.28853      -156.21
 314.59903  79.28853        54.52
 303.83937  79.29889       -14.35
 308.16063  79.29889        26.46
 318.95101  79.34480        68.48
 306.00018  79.40769         2.58
 312.54278  79.44338        38.12
 299.45723  79.44338      -112.89
 316.97039  79.52878        53.59
 301.57843  79.58309       -78.37
 310.42157  79.58309        18.19
 335.26456  79.68138      -329.10
 314.91479  79.69866        32.79
 297.08522  79.69866      -196.02
 308.23915  79.70699        -6.53
 303.76086  79.70699       -53.59
 319.43226  79.75391        45.65
 306.00019  79.81444       -37.79
 330.97064  79.83173      -176.78
 312.78633  79.85367         7.55
 299.21368  79.85367      -159.59
 326.52905  79.92655       -45.04
 317.38531  79.93902        24.57
 333.65890  79.95893      -290.13
 321.98389  79.96297        19.98
 301.41189  79.99310      -130.49
 310.58812  79.99310       -21.63
 329.20808  80.08601      -139.68
 315.25745  80.10963        -4.20
 303.67568  80.11621      -109.23
 308.32432  80.11621       -55.26
 324.62327  80.15505       -32.57
 319.95464  80.16345         4.74
 306.00019  80.22234       -93.70
 331.95563  80.22692      -250.85
 313.05096  80.26495       -38.35
 327.34699  80.32920      -114.38
 317.83647  80.34989       -22.49
 322.62180  80.37094       -36.52
 310.76928  80.40419       -76.42
 301.23072  80.40419      -194.02
 330.15009  80.48456      -217.95
 315.63063  80.52143       -58.60
 303.58295  80.52659      -176.26
 308.41706  80.52659      -118.01
 325.38431  80.56046      -104.76
 320.52366  80.57334       -56.11
 306.00020  80.63141      -163.31
 313.33958  80.67721      -100.43
 328.23798  80.73100      -197.02
 318.32886  80.76134       -88.68
 323.31773  80.77886      -112.23
 310.96711  80.81639      -145.55
 301.03289  80.81639      -264.39
 331.17677  80.88162      -300.44
 316.03865  80.93403      -130.45
 303.48158  80.93814      -250.83
 308.51842  80.93814      -192.54
 326.21555  80.96534      -191.63
 321.14584  80.98348      -135.68
 306.00021  81.04168      -240.77
 298.34436  81.09046      -347.97
 313.65565  81.09046      -177.50
 329.21196  81.13167      -285.86
 318.86843  81.17333      -171.98
 324.07985  81.18660      -202.81
 300.81596  81.22971      -336.51
 311.18404  81.22971      -226.56
 316.48665  81.34740      -216.82
 327.12695  81.36947      -285.59
 321.82896  81.39376      -229.04
 314.00330  81.50468      -265.69
 319.46228  81.58575      -266.83
 324.91796  81.59395      -300.14
 316.98083  81.76149      -311.51
 322.58235  81.80402      -327.62
 320.11902  81.99852      -364.28
 322.63501  72.78890        61.58
 321.44999  73.02624        66.08
 322.99571  73.18875        54.53
 324.56289  73.34196        41.43
 321.78947  73.42664        59.81
 326.15062  73.48565        26.65
 323.37423  73.58875        48.51
 320.54484  73.65602        64.44
 324.98161  73.74124        37.30
 322.14600  73.82728        54.30
 326.61060  73.88388        24.67
 323.77195  73.98886        44.83
 320.87766  74.05718        59.46
 325.42177  74.14050        36.14
 322.52093  74.22812        50.76
 319.56883  74.27808        63.18
 327.09431  74.28195        26.04
 324.19042  74.38905        44.17
 321.22794  74.45865        55.79
 325.88507  74.53969        38.02
 322.91576  74.62916        49.74
 327.60363  74.67977        29.85
 319.89256  74.68004        59.46
 324.63130  74.78929        45.90
 329.34467  74.80904        16.28
 321.59713  74.86040        54.02
 318.51453  74.89187        59.91
 326.37340  74.93877        41.96
 323.33214  75.03034        51.04
 328.14067  75.07730        34.18
 320.23406  75.08237        56.97
 325.09649  75.18953        49.39
 329.93148  75.20461        18.95
 336.49787  75.21323       -94.26
 321.98684  75.26241        54.21
 318.82623  75.29464        57.38
 331.74402  75.32045        -5.17
 326.88888  75.33766        46.14
 333.57623  75.42457       -36.75
 323.77192  75.43164        53.57
 328.70773  75.47444        36.48
 320.59486  75.48507        55.97
 317.37357  75.49677        53.05
 335.42588  75.51677       -71.65
 325.58806  75.58971        53.15
 337.29050  75.59684      -104.10
 330.55126  75.59957        17.03
 322.39886  75.66465        55.77
 319.15584  75.69788        55.86
 332.41742  75.71280       -12.75
 327.43381  75.73630        48.30
 334.30391  75.81386       -50.04
 324.23714  75.83300        56.65
 329.30741  75.87110        34.01
 320.97668  75.88811        56.50
 317.66967  75.90038        52.49
 336.20824  75.90255       -89.25
 326.10835  75.98977        55.40
 331.20683  75.99380         7.60
 322.83517  76.06708        58.00
 316.13650  76.09209        44.14
 319.50498  76.10157        55.70
 333.12978  76.10413       -30.00
 328.01081  76.13460        46.18
 335.07371  76.20184       -74.14
 324.73010  76.23437        59.11
 329.94256  76.26717        24.29
 337.03580  76.28668      -117.50
 321.38144  76.29147        58.13
 317.98360  76.30453        52.94
 331.90132  76.38717       -11.60
 326.65993  76.38963        54.42
 323.29804  76.46965        60.66
 333.88450  76.49430       -58.50
 316.41268  76.49651        47.25
 319.87547  76.50568        57.28
 328.62276  76.53246        37.77
 335.88924  76.58830      -109.58
 325.25338  76.63569        59.76
 330.61638  76.66254         5.46
 321.81131  76.69509        60.92
 318.31705  76.70922        54.98
 332.63820  76.77952       -41.79
 327.24571  76.78920        48.66
 323.78996  76.87231        63.04
 334.68533  76.88311       -98.46
 316.70630  76.90157        51.29
 320.26936  76.91020        60.37
 329.27290  76.92978        21.54
 336.75450  76.97304      -155.29
 325.80984  77.03689        57.42
 331.33243  77.05705       -23.51
 322.26872  77.09896        64.81
 318.67193  77.11444        59.15
 333.42137  77.17068       -83.06
 327.86896  77.18839        36.75
 335.53643  77.27036      -148.64
 324.31378  77.27500        64.23
 317.01910  77.30726        56.80
 320.68899  77.31509        65.36
 329.96488  77.32641        -3.57
 337.67393  77.35580      -208.65
 326.40275  77.43786        50.76
 332.09472  77.45055       -62.83
 322.75643  77.50300        69.01
 319.05041  77.52016        64.91
 334.25516  77.56045      -134.31
 328.53334  77.58708        17.44
 336.44245  77.65580      -206.49
 324.87272  77.67765        62.81
 317.35306  77.71359        63.77
 321.13697  77.72031        71.62
 330.70275  77.72221       -38.14
 327.03578  77.83852        38.15
 332.90771  77.84284      -111.86
 323.27755  77.90716        71.93
 319.45497  77.92636        72.11
 335.14440  77.94860      -193.38
 329.24299  77.98512       -10.48
 337.40856  78.03916      -268.28
 325.47040  78.08015        56.65
 331.49114  78.11699       -82.29
 317.71044  78.12053        70.84
 321.61631  78.12582        77.34
 333.77644  78.23370      -169.16
 327.71309  78.23872        17.60
 323.83566  78.31137        70.94
 319.88842  78.33300        78.73
 336.09454  78.33486      -257.09
 330.00260  78.38236       -48.09
 338.44055  78.42013      -329.35
 326.11097  78.48241        42.95
 332.33522  78.51056      -135.54
 318.09383  78.52807        76.46
 322.13043  78.53156        79.43
 334.70658  78.62289      -232.34
 328.43943  78.63833       -13.01
 324.43483  78.71554        62.46
 337.11166  78.71893      -321.24
 320.35400  78.74005        81.40
 330.81750  78.77860       -96.00
 326.79917  78.88429        18.57
 333.24089  78.90268      -196.48
 318.50620  78.93617        77.17
 322.68328  78.93744        73.74
 335.70451  79.01010      -297.91
 329.22019  79.03718       -55.45
 338.20259  79.10045      -380.64
 325.07971  79.11954        42.48
 320.85544  79.14744        75.66
 331.69374  79.17362      -153.91
 327.54042  79.28564       -19.33
 334.21480  79.29306      -262.44
 323.27939  79.34340        55.64
 336.77747  79.39500      -361.11
 330.06156  79.43506      -110.43
 339.37503  79.47901      -429.31
 325.77571  79.52327         7.37
 321.39706  79.55511        56.59
 332.63824  79.56717      -219.92
 328.34099  79.68629       -72.29
 323.92401  79.74931        21.02
 325.30684  67.24633      -555.96
 324.44580  67.52113      -452.44
 325.61790  67.64303      -494.27
 324.74629  67.91816      -390.12
 325.94004  68.03965      -430.95
 327.14205  68.15437      -458.94
 323.85042  68.18731      -280.75
 325.05764  68.31516      -328.46
 326.27390  68.43617      -367.74
 324.15022  68.58463      -225.21
 328.73163  68.65721      -411.30
 325.38048  68.71211      -269.17
 329.97202  68.75703      -414.40
 326.62016  68.83257      -306.35
 323.21729  68.84783      -131.97
 331.21932  68.84956      -407.48
 327.86873  68.94589      -333.91
 324.46125  68.98197      -173.65
 333.73202  69.01237      -372.72
 329.12564  69.05194      -350.55
 322.25839  69.10451       -57.49
 325.71551  69.10901      -213.76
 330.39029  69.15062      -356.91
 326.97956  69.22884      -248.50
 331.66203  69.24182      -353.91
 323.51568  69.24548       -90.38
 332.94016  69.32544      -344.80
 328.25283  69.34133      -275.28
 324.78420  69.37930      -127.21
 334.22396  69.40137      -336.98
 329.53474  69.44635      -293.18
 322.54329  69.50241       -26.19
 326.06345  69.50583      -163.58
 330.82462  69.54380      -303.28
 327.35288  69.62495      -195.97
 332.12178  69.63356      -304.37
 323.82567  69.64319       -54.22
 333.42546  69.71553      -304.35
 328.65189  69.73652      -222.25
 325.11979  69.77662       -86.83
 334.73488  69.78961      -306.71
 329.95983  69.84041      -242.00
 336.04920  69.85571      -313.41
 322.83942  69.90042         0.25
 326.42509  69.90256      -119.93
 331.27598  69.93652      -254.48
 327.74100  70.02087      -150.51
 324.14799  70.04095       -24.07
 329.06683  70.13142      -177.02
 325.46881  70.17392       -53.33
 335.26589  70.17702      -283.58
 330.40190  70.23408      -198.87
 323.14750  70.29855        21.41
 326.80131  70.29918       -83.97
 328.14482  70.41659      -113.66
 324.48341  70.43875        -0.42
 329.49865  70.52601      -141.42
 325.83212  70.57116       -27.37
 327.19301  70.69565       -56.60
 323.46829  70.69678        36.93
 328.56536  70.81205       -86.47
 324.83278  70.83657        16.41
 329.94840  70.92023      -115.69
 326.21065  70.96834        -9.31
 331.34128  71.02006      -143.79
 327.60122  71.09194       -38.19
 323.80264  71.09510        46.62
 329.00371  71.20722       -69.15
 325.19702  71.23438        26.43
 330.41727  71.31405      -100.48
 322.74116  71.34648        64.47
 326.60540  71.36541         1.01
 328.02702  71.48802       -28.37
 324.15146  71.49349        50.65
 329.46103  71.60207       -60.54
 325.57715  71.63217        30.13
 323.07335  71.74537        64.98
 327.01747  71.76235         4.41
 328.47160  71.88385       -25.80
 324.51573  71.89193        49.68
 329.93861  71.99653       -59.31
 325.97424  72.02991        28.62
 323.42050  72.14438        61.46
 327.44805  72.15912         2.47
 332.90714  72.19476      -132.18
 328.93625  72.27939       -28.31
 324.89654  72.29040        44.97
 322.29087  72.38921        67.97
 330.43784  72.39054       -62.71
 326.38949  72.42756        23.64
 331.95170  72.49243       -99.47
 323.78368  72.54350        55.20
 327.89844  72.55567        -2.62
 329.42239  72.67456       -33.35
 325.29508  72.68886        38.28
 330.96023  72.78405       -67.69
 326.82420  72.82509        17.29
 324.16405  72.94271        47.92
 328.37005  72.95197        -8.32
 329.93154  73.06933       -38.20
 325.71263  73.08729        31.59
 331.50744  73.17698       -71.53
 327.27979  73.22244        11.67
 328.86445  73.34795       -12.41
 330.46540  73.46361       -40.82
 327.75783  73.61958         8.66
 329.38334  73.74354       -13.54
 331.02579  73.85732       -40.32
 332.68371  73.96074       -70.36
 328.26004  74.01644         8.95
 329.92858  74.13867       -11.59
 331.61474  74.25039       -37.23
 333.31689  74.35137       -66.33
 328.78829  74.41295        12.06
 335.03324  74.44145       -95.60
 330.50222  74.53327        -7.79
 332.23447  74.64269       -33.55
 333.98321  74.74101       -63.02
 335.74645  74.82804       -92.33
 337.52207  74.90361      -116.79
 331.10654  74.92723        -4.60
 332.88740  75.03413       -32.26
 334.68525  75.12953       -63.71
 315.96282  62.31418      -407.39
 315.14048  62.55148      -374.10
 316.09111  62.70828      -375.12
 315.25881  62.94481      -331.22
 316.22294  63.10249      -335.62
 317.19380  63.25548      -364.81
 315.38044  63.33827      -283.50
 316.35848  63.49682      -293.11
 317.34355  63.65057      -331.25
 316.49791  63.89129      -251.18
 317.49764  64.04578      -298.41
 316.64142  64.28591      -212.50
 317.65628  64.44113      -267.96
 315.76673  64.51962      -149.97
 318.67871  64.59123      -350.12
 316.78921  64.68069      -178.67
 317.81970  64.83662      -240.47
 315.90323  64.91376      -117.20
 318.85809  64.98730      -327.71
 316.94149  65.07565      -150.28
 317.98814  65.23226      -215.72
 316.04392  65.30811       -92.11
 319.04304  65.38350      -304.66
 317.09850  65.47079      -127.14
 318.16186  65.62807      -192.94
 321.17687  65.66950      -506.56
 316.18901  65.70268       -74.53
 319.23384  65.77985      -279.98
 317.26048  65.86614      -108.56
 320.31425  65.92602      -376.87
 318.34114  66.02406      -171.25
 321.40288  66.06650      -472.27
 316.33874  66.09748       -63.70
 319.43079  66.17634      -252.97
 317.42770  66.26169       -93.61
 320.52926  66.32288      -342.92
 323.60385  66.32994      -622.71
 318.52626  66.42023      -149.93
 324.71564  66.45271      -667.06
 321.63631  66.46358      -430.95
 316.49336  66.49253       -58.46
 319.63423  66.57299      -223.42
 317.60042  66.65747       -81.34
 320.75142  66.71986      -304.34
 323.87511  66.72702      -570.94
 318.71754  66.81660      -128.55
 325.00627  66.84955      -614.17
 321.87756  66.86074      -383.88
 319.84451  66.96981      -191.73
 323.01239  66.99552      -455.15
 317.77897  67.05348       -70.83
 320.98111  67.11697      -262.34
 324.15560  67.12408      -513.45
 318.91533  67.21317      -107.03
 322.12706  67.25799      -332.94
 320.06201  67.36679      -158.70
 323.28207  67.39275      -397.71
 317.96364  67.44974       -61.27
 321.21875  67.51422      -218.57
 319.11999  67.60996       -85.51
 322.38526  67.65533      -280.32
 320.28713  67.76395      -125.39
 323.56123  67.79002      -338.85
 321.46480  67.91159      -174.78
 319.33191  68.00696       -64.18
 322.65268  68.05275      -228.15
 320.52032  68.16129       -92.85
 321.71973  68.30910      -132.55
 322.92983  68.45025      -178.23
 320.76203  68.55881       -61.95
 321.98408  68.70674       -93.16
 312.99628  61.05139      -416.54
 315.59769  61.13238      -420.25
 316.50352  61.28138      -428.84
 314.80384  61.37215      -429.32
 313.08158  61.44229      -435.37
 315.71626  61.52624      -433.34
 313.99434  61.60585      -431.01
 312.25049  61.66436      -452.57
 316.63435  61.67606      -442.14
 314.91313  61.76517      -427.17
 317.55806  61.82154      -461.25
 313.16909  61.83330      -434.39
 315.83792  61.92017      -428.09
 314.09404  61.99796      -418.14
 312.32804  62.05430      -448.87
 316.76863  62.07080      -438.97
 315.02530  62.15827      -407.54
 313.25889  62.22442      -415.86
 311.47116  62.26865      -481.52
 314.19639  62.39017      -389.34
 312.40764  62.44437      -429.42
 313.35110  62.61568      -383.30
 314.30151  62.78251      -348.72
 311.54025  62.65760      -464.82
 312.48938  62.83459      -397.93
 310.65674  62.86393      -522.98
 313.44583  63.00708      -341.03
 311.61121  63.04672      -437.98
 314.40953  63.17500      -300.90
 312.57337  63.22499      -358.73
 310.71660  63.25186      -502.69
 313.54318  63.39866      -293.69
 311.68414  63.43603      -405.16
 314.52059  63.56765      -250.49
 312.65972  63.61557      -316.29
 310.77814  63.64001      -477.84
 315.50552  63.73189      -235.18
 313.64330  63.79041      -245.73
 311.75913  63.82555      -370.58
 314.63483  63.96047      -201.67
 312.74853  64.00636      -274.85
 310.84143  64.02837      -452.32
 315.63423  64.12566      -189.82
 313.74631  64.18236      -201.15
 311.83627  64.21529      -338.17
 314.75240  64.35348      -157.81
 312.83993  64.39737      -238.12
 310.90654  64.41698      -429.74
 313.85235  64.57453      -163.13
 311.91567  64.60527      -311.35
 314.87348  64.74669      -121.39
 312.93403  64.78861      -209.07
 310.97358  64.80585      -413.21
 313.96158  64.96693      -134.01
 311.99745  64.99550      -292.85
 314.99824  65.14013       -93.90
 313.03099  65.18011      -189.84
 311.04264  65.19499      -405.13
 314.07415  65.35957      -115.14
 312.08172  65.38601      -284.51
 310.06969  65.38687      -531.03
 315.12686  65.53379       -75.89
 313.13094  65.57187      -181.58
 311.11381  65.58443      -407.06
 314.19024  65.75247      -106.95
 310.12737  65.77513      -541.20
 312.16861  65.77681      -287.22
 315.25955  65.92771       -67.11
 309.12255  65.95791      -667.72
 313.23404  65.96392      -184.46
 311.18722  65.97417      -419.52
 314.31004  66.14564      -108.93
 312.25826  66.16792      -300.77
 315.39652  66.32188       -66.55
 313.34045  66.35627      -197.58
 311.26297  66.36425      -441.82
 314.43373  66.53911      -119.68
 312.35082  66.55935      -323.75
 315.53800  66.71633       -72.62
 313.45036  66.74893      -218.97
 311.34119  66.75466      -472.05
 316.65312  66.88783       -57.37
 314.56154  66.93288      -136.97
 310.31172  66.94197      -623.07
 312.44643  66.95112      -353.59
 315.68423  67.11108       -83.20
 313.56395  67.14193      -245.70
 311.42202  67.14544      -507.06
 316.81833  67.28340       -58.82
 314.69368  67.32697      -157.87
 310.37728  67.33165      -659.61
 312.54528  67.34325      -386.64
 315.83550  67.50612       -95.78
 313.68143  67.53528      -274.03
 311.50561  67.53660      -542.67
 316.98927  67.67925       -61.03
 314.83040  67.72140      -178.97
 310.44509  67.72174      -694.14
 312.64754  67.73575      -418.52
 318.15481  67.84624       -51.86
 315.99206  67.90148      -107.62
 311.59209  67.92815      -574.06
 313.80302  67.92899      -299.75
 317.16627  68.07539       -62.24
 310.51527  68.11223      -721.76
 314.97197  68.11617      -196.68
 312.75340  68.12865      -444.48
 318.35283  68.24301       -41.85
 316.15425  68.29716      -116.04
 311.68165  68.32012      -596.35
 313.92895  68.32308      -318.68
 319.55151  68.40419       -43.23
 310.58795  68.50317      -737.81
 310.66330  68.89455      -738.52
 317.34970  68.47183       -60.79
 315.11866  68.51131      -207.63
 312.86308  68.52195      -460.09
 318.55811  68.64004       -30.61
 316.32237  68.69319      -118.72
 311.77446  68.71252      -605.25
 314.05949  68.71756      -327.15
 319.77924  68.80165       -22.80
 317.53993  68.86859       -55.39
 315.27077  68.90682      -209.20
 312.97679  68.91567      -461.83
 321.01278  68.95652       -33.33
 318.77109  69.03735       -17.67
 316.49680  69.08957      -114.06
 311.87072  69.10537      -597.74
 314.19489  69.11245      -322.65
 320.01560  69.19934        -3.04
 317.73737  69.26566       -45.33
 310.74147  69.28641      -721.69
 315.42865  69.30272      -199.90
 313.09480  69.30983      -447.68
 321.27312  69.35441        -7.48
 318.99223  69.43495        -2.96
 316.67791  69.48631      -101.47
 311.97063  69.49869      -572.63
 314.33548  69.50777      -304.20
 320.26111  69.59727        15.77
 317.94246  69.66306       -30.67
 310.82262  69.67875      -687.05
 315.59264  69.69902      -179.68
 313.21735  69.70445      -417.50
 321.54364  69.75248        15.18
 319.22205  69.83282        13.10
 316.86612  69.88342       -81.55
 312.07442  69.89249      -530.79
 314.48156  69.90352      -272.63
 320.51635  69.99543        33.13
 318.15570  70.06080       -12.30
 310.90695  70.07161      -636.47
 315.76313  70.09573      -149.99
 313.34473  70.09954      -373.17
 321.82498  70.15073        34.19
 319.46108  70.23099        29.61
 309.71528  70.24154      -728.84
 317.06189  70.28091       -56.02
 312.18235  70.28679      -475.12
 314.63348  70.29973      -230.45
 320.78193  70.39383        48.30
 318.37760  70.45887         8.13
 310.99466  70.46499      -573.65
 315.94054  70.49287      -113.60
 313.47727  70.49511      -318.29
 322.11783  70.54915        49.02
 319.70994  70.62945        45.26
 309.78206  70.63386      -665.22
 317.26570  70.67879       -27.46
 312.29467  70.68160      -410.10
 314.79163  70.69640      -181.51
 321.05854  70.79246        60.41
 318.60872  70.85729        28.52
 311.08598  70.85891      -503.57
 316.12531  70.89045       -74.11
 313.61528  70.89119      -257.61
 322.42295  70.94774        59.20
 309.85160  71.02675      -596.89
 319.96926  71.02820        58.59
 312.41167  71.07696      -341.07
 317.47810  71.07707         1.12
 314.95643  71.09355      -130.32
 321.34690  71.19133        68.64
 311.18113  71.25340      -431.66
 318.84970  71.25607        46.71
 313.75914  71.28779      -196.27
 316.31796  71.28847       -35.36
 309.92408  71.42022      -528.86
 320.23975  71.42725        68.31
 312.53369  71.47286      -273.33
 317.69965  71.47575        26.87
 315.12831  71.49119       -81.32
 321.64781  71.59041        72.50
 311.28039  71.64847      -362.93
 319.10119  71.65519        60.90
 313.90926  71.68491      -138.95
 316.51901  71.68694        -0.74
 309.99971  71.81430      -465.33
 320.52219  71.82658        73.64
 312.66105  71.86934      -211.38
 317.93100  71.87484        47.57
 315.30777  71.88933       -38.17
 308.69225  71.97005      -578.36
 321.96215  71.98971        72.04
 311.38403  72.04414      -301.21
 319.36394  72.05466        70.01
 314.06607  72.08259       -89.21
 316.72905  72.08588        27.30
 310.07871  72.20901      -409.07
 320.81741  72.22619        74.48
 312.79414  72.26640      -158.26
 318.17283  72.27435        61.99
 315.49536  72.28799        -3.25
 308.74572  72.36363      -532.35
 311.49238  72.44043      -248.67
 319.63875  72.45449        73.90
 314.23004  72.48082       -49.05
 316.94874  72.48529        47.58
 321.12634  72.62608        71.52
 312.93337  72.66406      -115.30
 318.42592  72.67427        70.03
 315.69165  72.68717        22.53
 319.92651  72.85466        73.29
 317.17877  72.88518        60.21
 307.38588  72.50769      -664.77
 310.16132  72.60436      -361.13
 308.80166  72.75787      -492.47
 311.60577  72.83735      -205.72
 314.40171  72.87963       -18.85
 307.41425  72.90064      -635.34
 310.24780  73.00038      -320.88
 306.00012  73.03236      -779.03
 313.07921  73.06234       -82.19
 318.69110  73.07460        72.55
 315.89731  73.08689        39.65
 308.86023  73.15280      -457.03
 311.72458  73.23493      -171.27
 320.22819  73.25517        69.58
 314.58166  73.27903         2.35
 317.41994  73.28555        66.30
 307.44397  73.29428      -606.00
 310.33846  73.39708      -286.41
 306.00012  73.42452      -756.17
 313.23215  73.46125       -57.40
 318.96928  73.47535        71.11
 316.11304  73.48715        49.58
 308.92165  73.54843      -423.40
 311.84924  73.63319      -143.23
 314.77053  73.67902        16.39
 317.67310  73.68641        67.60
 304.52487  73.68865      -900.77
 307.47514  73.68865      -573.54
 310.43361  73.79449      -255.16
 306.00012  73.81741      -724.79
 313.39274  73.86081       -38.76
 319.26149  73.87651        67.45
 316.33963  73.88796        54.24
 308.98613  73.94480      -388.68
 311.98020  74.03213      -119.19
 314.96902  74.07963        25.37
 304.49213  74.08377      -863.05
 307.50787  74.08377      -534.92
 317.93920  74.08774        65.97
 310.53362  74.19262      -224.62
 306.00013  74.21105      -681.87
 313.56161  74.26103       -24.08
 316.57795  74.28932        55.58
 309.05393  74.34192      -350.45
 312.11797  74.43178       -97.02
 304.45770  74.47965      -807.38
 307.54230  74.47965      -487.97
 315.17791  74.48085        31.21
 318.21929  74.48957        63.02
 310.63886  74.59150      -192.94
 306.00013  74.60546      -625.69
 313.73943  74.66193       -11.63
 316.82898  74.69124        55.18
 309.12531  74.73981      -307.30
 312.26312  74.83216       -75.35
 307.57856  74.87632      -431.94
 304.42144  74.87632      -733.35
 315.39808  74.88270        35.32
 310.74980  74.99115      -159.27
 306.00013  75.00067      -556.28
 313.92696  75.06352        -0.31
 317.09379  75.09373        54.11
 302.79943  75.13849      -808.10
 309.20058  75.13849      -259.17
 312.41628  75.23329       -53.63
 304.38320  75.27380      -642.85
 307.61681  75.27380      -367.70
 315.63049  75.28519        38.55
 310.86692  75.39158      -123.89
 306.00014  75.39670      -475.61
 314.12505  75.46581        10.29
 302.71993  75.53800      -696.62
 309.28007  75.53800      -207.32
 312.57815  75.63517       -32.12
 307.65722  75.67213      -297.70
 304.34279  75.67213      -539.98
 315.87623  75.68832        41.38
 310.99076  75.79282       -87.93
 301.00924  75.79282      -715.51
 306.00014  75.79358      -387.42
 314.33464  75.86882        20.21
 302.63583  75.93835      -573.97
 309.36417  75.93835      -154.05
 312.74953  76.03783       -11.49
 307.69998  76.07132      -225.55
 304.30002  76.07132      -430.68
 292.49503  76.10157      -799.70
 306.00014  76.19133      -296.69
 311.12195  76.19489       -53.07
 300.87805  76.19489      -578.92
 314.55679  76.27255        29.36
 309.45330  76.33956      -102.21
 302.54670  76.33956      -448.22
 312.93130  76.44128         7.49
 299.06870  76.44128      -562.47
 307.74533  76.47139      -155.45
 304.25468  76.47139      -321.90
 295.58732  76.49651      -635.16
 292.12454  76.50568      -674.24
 306.00015  76.58997      -209.00
 311.26118  76.59780       -20.99
 300.73882  76.59780      -444.57
 297.20731  76.67701      -535.57
 293.68296  76.70922      -596.60
 309.54794  76.74165       -54.65
 302.45206  76.74165      -327.97
 313.12447  76.84553        24.30
 298.87553  76.84553      -429.15
 304.20651  76.87238      -220.75
 307.79349  76.87238       -91.53
 295.29371  76.90157      -508.39
 291.73064  76.91020      -557.03
 306.00015  76.98953      -129.73
 300.59077  77.00158      -322.03
 311.40924  77.00158         6.89
 296.95629  77.08220      -412.59
 289.73128  77.09896      -516.46
 309.64864  77.14466       -13.82
 302.35137  77.14466      -221.31
 298.66983  77.25060      -314.19
 304.15524  77.27430      -133.55
 307.84476  77.27430       -37.30
 294.98091  77.30726      -402.80
 306.00015  77.39003       -63.41
 300.43300  77.40624      -219.47
 296.68863  77.48813      -313.56
 302.24400  77.54860      -134.76
 298.45031  77.65650      -224.81
 304.10055  77.67719       -65.15
 294.64694  77.71359      -323.93
 300.26450  77.81180      -142.66
 296.40258  77.89481      -243.75
 292.54503  77.92636      -338.27
 294.28956  78.12053      -272.97
 315.48209  60.73857      -387.39
 316.37599  60.88673      -397.21
 313.89717  61.21385      -424.87
 317.70520  62.21699      -464.37
 316.90652  62.46561      -422.45
 317.04819  62.86050      -396.40
 318.33556  63.79944      -395.76
 319.33438  63.94335      -480.47
 318.50461  64.19528      -372.71
 309.95943  64.61124      -537.68
 319.90422  65.13265      -429.50
 308.09954  66.13254      -767.86
 322.75169  66.59832      -508.84
 326.79796  67.75834      -521.31
 328.35185  68.26221      -472.77
 309.41730  68.28775      -843.98
 329.56892  68.36306      -472.59
 330.79270  68.45681      -460.45
 332.47288  68.93470      -390.90
 307.21813  69.77489      -932.87
 307.26125  70.55272      -860.83
 337.79050  71.00804      -280.74
 332.74310  71.11141      -171.95
 308.59204  71.18482      -688.03
 334.15287  71.19417      -200.39
 307.30796  71.33284      -774.14
 331.84099  71.41226      -132.58
 308.64108  71.57713      -630.74
 334.71486  71.58239      -197.01
 330.90651  71.70739       -94.54
 333.82779  71.89132      -164.87
 335.30135  71.96968      -197.84
 331.41749  72.10021       -95.28
 307.35876  72.11543      -696.97
 306.00012  72.64090      -796.97
 332.51076  72.88397      -103.92
 333.71063  73.66467      -104.96
 335.35185  73.74974      -134.64
 334.35546  74.05361      -100.80
 336.76184  74.52045      -120.86
 338.50064  74.58824      -137.89
 297.44322  76.27255      -674.09
 294.01641  76.30453      -723.77
 294.16354  80.34989      -330.08
 296.36937  80.52143      -305.07
 333.02599  80.62027      -326.33
 298.66042  80.67721      -282.57
 345.03845  80.82981      -404.93
 338.96155  80.82981      -467.42
 343.58581  81.20533      -422.92
 345.29328  81.49979      -352.16
 330.28066  81.53088      -370.89
 303.24758  81.76491      -403.04
 308.75243  81.76491      -360.99
 306.00023  81.86597      -402.68
 317.52875  82.17625      -405.33
 328.01804  82.81098      -514.82
 321.66551  82.82449      -519.84
 322.58420  83.23728      -553.09
