 314.79269  76.67701         7.45
 315.04371  77.08220        14.58
 313.33017  77.25060        30.90
 311.56701  77.40624        47.68
 315.31138  77.48813        25.60
 309.75601  77.54860        58.41
 313.54970  77.65650        44.61
 307.89946  77.67719        56.99
 306.00016  77.79151        39.20
 311.73551  77.81180        64.83
 315.59743  77.89481        40.46
 302.12926  77.95350       -48.46
 309.87075  77.95350        79.04
 298.21548  78.06323      -173.35
 313.78452  78.06323        58.99
 304.04206  78.08106        18.77
 307.95794  78.08106        80.37
 290.38370  78.12582      -303.49
 306.00016  78.19398        64.00
 311.91589  78.21828        78.36
 300.08411  78.21828       -95.00
 315.90388  78.30222        57.19
 296.09613  78.30222      -217.29
 288.16434  78.31137      -305.22
 292.11158  78.33300      -285.37
 309.99367  78.35937        91.19
 302.00633  78.35937       -23.08
 297.96367  78.47081      -152.41
 314.03634  78.47081        72.13
 308.02063  78.48595        90.50
 303.97937  78.48595        34.12
 293.90618  78.52807      -254.30
 306.00017  78.59749        71.52
 299.89051  78.62569       -83.87
 312.10950  78.62569        86.41
 295.76700  78.71036      -209.91
 316.23301  78.71036        71.65
 301.87430  78.76624       -21.00
 310.12571  78.76624        93.38
 314.30708  78.87925        80.12
 297.69292  78.87925      -155.32
 303.91200  78.89189        28.94
 308.08801  78.89189        86.60
 306.00017  79.00205        61.84
 299.68214  79.03405       -96.10
 312.31787  79.03405        86.28
 295.41252  79.11923      -224.98
 316.58749  79.11923        78.80
 310.26792  79.17414        83.96
 301.73208  79.17414       -40.23
 297.40098  79.28853      -178.33
 314.59903  79.28853        78.28
 303.83937  79.29889         4.94
 308.16063  79.29889        68.27
 318.95101  79.34480        79.27
 306.00018  79.40769        35.94
 312.54278  79.44338        73.96
 299.45723  79.44338      -127.10
 316.97039  79.52878        72.29
 301.57843  79.58309       -77.43
 310.42157  79.58309        61.12
 335.26456  79.68138      -441.61
 314.91479  79.69866        62.00
 297.08522  79.69866      -217.08
 308.23915  79.70699        35.43
 303.76086  79.70699       -35.24
 319.43226  79.75391        59.38
 306.00019  79.81444        -4.71
 330.97064  79.83173      -234.31
 312.78633  79.85367        46.43
 299.21368  79.85367      -171.83
 326.52905  79.92655       -63.16
 317.38531  79.93902        45.60
 333.65890  79.95893      -393.93
 321.98389  79.96297        23.60
 301.41189  79.99310      -127.35
 310.58812  79.99310        22.73
 329.20808  80.08601      -193.03
 315.25745  80.10963        26.21
 303.67568  80.11621       -88.58
 308.32432  80.11621       -11.92
 324.62327  80.15505       -49.82
 319.95464  80.16345        12.66
 306.00019  80.22234       -58.45
 331.95563  80.22692      -349.84
 313.05096  80.26495         0.84
 327.34699  80.32920      -166.12
 317.83647  80.34989        -6.99
 322.62180  80.37094       -51.39
 310.76928  80.40419       -31.74
 301.23072  80.40419      -185.60
 330.15009  80.48456      -315.79
 315.63063  80.52143       -33.42
 303.58295  80.52659      -150.60
 308.41706  80.52659       -73.03
 325.38431  80.56046      -155.44
 320.52366  80.57334       -65.65
 306.00020  80.63141      -123.89
 313.33958  80.67721       -65.50
 328.23798  80.73100      -295.96
 318.32886  80.76134       -89.47
 323.31773  80.77886      -160.20
 310.96711  80.81639      -103.14
 301.03289  80.81639      -249.00
 331.17677  80.88162      -454.72
 316.03865  80.93403      -119.73
 303.48158  80.93814      -218.84
 308.51842  80.93814      -146.95
 326.21555  80.96534      -291.66
 321.14584  80.98348      -177.48
 306.00021  81.04168      -197.57
 298.34436  81.09046      -345.31
 313.65565  81.09046      -154.19
 329.21196  81.13167      -447.33
 318.86843  81.17333      -203.19
 324.07985  81.18660      -301.30
 300.81596  81.22971      -315.12
 311.18404  81.22971      -191.91
 316.48665  81.34740      -233.34
 327.12695  81.36947      -452.97
 321.82896  81.39376      -321.03
 314.00330  81.50468      -265.04
 319.46228  81.58575      -345.98
 324.91796  81.59395      -468.84
 316.98083  81.76149      -371.62
 322.58235  81.80402      -490.10
 320.11902  81.99852      -511.25
 322.63501  72.78890        44.07
 321.44999  73.02624        15.34
 322.99571  73.18875        45.57
 324.56289  73.34196        76.82
 321.78947  73.42664        18.16
 326.15062  73.48565        97.05
 323.37423  73.58875        50.46
 320.54484  73.65602        -1.11
 324.98161  73.74124        82.08
 322.14600  73.82728        24.63
 326.61060  73.88388        99.33
 323.77195  73.98886        59.09
 320.87766  74.05718         5.24
 325.42177  74.14050        89.88
 322.52093  74.22812        34.69
 319.56883  74.27808        -4.49
 327.09431  74.28195       103.79
 324.19042  74.38905        70.85
 321.22794  74.45865        14.47
 325.88507  74.53969        99.30
 322.91576  74.62916        47.40
 327.60363  74.67977       108.97
 319.89256  74.68004         1.92
 324.63130  74.78929        83.49
 329.34467  74.80904        93.45
 321.59713  74.86040        25.58
 318.51453  74.89187        -2.41
 326.37340  74.93877       108.76
 323.33214  75.03034        61.17
 328.14067  75.07730       112.60
 320.23406  75.08237         9.40
 325.09649  75.18953        95.65
 329.93148  75.20461        89.82
 336.49787  75.21323      -112.80
 321.98684  75.26241        37.39
 318.82623  75.29464         0.58
 331.74402  75.32045        42.69
 326.88888  75.33766       116.04
 333.57623  75.42457       -19.74
 323.77192  75.43164        73.90
 328.70773  75.47444       112.02
 320.59486  75.48507        17.24
 317.37357  75.49677        -1.65
 335.42588  75.51677       -84.07
 325.58806  75.58971       105.50
 337.29050  75.59684      -136.05
 330.55126  75.59957        79.73
 322.39886  75.66465        48.74
 319.15584  75.69788         3.85
 332.41742  75.71280        22.97
 327.43381  75.73630       118.85
 334.30391  75.81386       -47.76
 324.23714  75.83300        84.77
 329.30741  75.87110       104.43
 320.97668  75.88811        25.27
 317.66967  75.90038        -1.88
 336.20824  75.90255      -118.03
 326.10835  75.98977       111.42
 331.20683  75.99380        59.92
 322.83517  76.06708        58.99
 316.13650  76.09209        -1.12
 319.50498  76.10157         7.93
 333.12978  76.10413        -8.93
 328.01081  76.13460       115.02
 335.07371  76.20184       -89.70
 324.73010  76.23437        93.00
 329.94256  76.26717        87.17
 337.03580  76.28668      -166.37
 321.38144  76.29147        33.74
 317.98360  76.30453        -0.64
 331.90132  76.38717        27.61
 326.65993  76.38963       111.97
 323.29804  76.46965        68.46
 333.88450  76.49430       -55.33
 316.41268  76.49651        -0.17
 319.87547  76.50568        14.07
 328.62276  76.53246       102.51
 335.88924  76.58830      -146.58
 325.25338  76.63569        97.91
 330.61638  76.66254        57.91
 321.81131  76.69509        43.46
 318.31705  76.70922         3.74
 332.63820  76.77952       -19.17
 327.24571  76.78920       105.70
 323.78996  76.87231        77.16
 334.68533  76.88311      -116.95
 316.70630  76.90157         4.30
 320.26936  76.91020        23.51
 329.27290  76.92978        79.33
 336.75450  76.97304      -217.09
 325.80984  77.03689        98.52
 331.33243  77.05705        14.85
 322.26872  77.09896        55.05
 318.67193  77.11444        12.93
 333.42137  77.17068       -81.14
 327.86896  77.18839        90.83
 335.53643  77.27036      -192.49
 324.31378  77.27500        84.39
 317.01910  77.30726        13.82
 320.68899  77.31509        37.00
 329.96488  77.32641        43.62
 337.67393  77.35580      -297.37
 326.40275  77.43786        93.04
 332.09472  77.45055       -43.00
 322.75643  77.50300        67.87
 319.05041  77.52016        27.43
 334.25516  77.56045      -157.33
 328.53334  77.58708        65.14
 336.44245  77.65580      -278.39
 324.87272  77.67765        88.16
 317.35306  77.71359        28.78
 321.13697  77.72031        53.77
 330.70275  77.72221        -6.19
 327.03578  77.83852        78.70
 332.90771  77.84284      -115.40
 323.27755  77.90716        79.52
 319.45497  77.92636        46.16
 335.14440  77.94860      -244.83
 329.24299  77.98512        26.20
 337.40856  78.03916      -368.87
 325.47040  78.08015        84.95
 331.49114  78.11699       -70.93
 317.71044  78.12053        47.37
 321.61631  78.12582        70.93
 333.77644  78.23370      -200.45
 327.71309  78.23872        51.97
 323.83566  78.31137        85.68
 319.88842  78.33300        65.74
 336.09454  78.33486      -338.70
 330.00260  78.38236       -28.14
 338.44055  78.42013      -456.47
 326.11097  78.48241        70.02
 332.33522  78.51056      -150.06
 318.09383  78.52807        66.01
 322.13043  78.53156        83.39
 334.70658  78.62289      -294.37
 328.43943  78.63833         9.20
 324.43483  78.71554        80.48
 337.11166  78.71893      -432.23
 320.35400  78.74005        80.60
 330.81750  78.77860       -98.97
 326.79917  78.88429        38.27
 333.24089  78.90268      -241.28
 318.50620  78.93617        79.00
 322.68328  78.93744        84.45
 335.70451  79.01010      -391.60
 329.22019  79.03718       -52.42
 338.20259  79.10045      -517.84
 325.07971  79.11954        57.51
 320.85544  79.14744        83.55
 331.69374  79.17362      -185.68
 327.54042  79.28564       -14.78
 334.21480  79.29306      -340.38
 323.27939  79.34340        66.75
 336.77747  79.39500      -485.37
 330.06156  79.43506      -133.98
 339.37503  79.47901      -588.28
 325.77571  79.52327        10.96
 321.39706  79.55511        66.88
 332.63824  79.56717      -285.54
 328.34099  79.68629       -91.81
 323.92401  79.74931        23.60
 325.30684  67.24633      -597.71
 324.44580  67.52113      -477.53
 325.61790  67.64303      -521.14
 324.74629  67.91816      -399.86
 325.94004  68.03965      -439.08
 327.14205  68.15437      -471.52
 323.85042  68.18731      -281.23
 325.05764  68.31516      -320.43
 326.27390  68.43617      -355.10
 324.15022  68.58463      -210.08
 328.73163  68.65721      -417.60
 325.38048  68.71211      -242.25
 329.97202  68.75703      -455.67
 326.62016  68.83257      -272.68
 323.21729  68.84783      -117.93
 331.21932  68.84956      -506.88
 327.86873  68.94589      -303.30
 324.46125  68.98197      -142.49
 333.73202  69.01237      -643.05
 329.12564  69.05194      -338.82
 322.25839  69.10451       -51.24
 325.71551  69.10901      -168.08
 330.39029  69.15062      -385.34
 326.97956  69.22884      -195.23
 331.66203  69.24182      -445.50
 323.51568  69.24548       -63.96
 332.94016  69.32544      -517.19
 328.25283  69.34133      -226.91
 324.78420  69.37930       -80.38
 334.22396  69.40137      -596.90
 329.53474  69.44635      -268.16
 322.54329  69.50241       -11.90
 326.06345  69.50583      -100.48
 330.82462  69.54380      -324.10
 327.35288  69.62495      -125.99
 332.12178  69.63356      -391.88
 323.82567  69.64319       -15.89
 333.42546  69.71553      -471.25
 328.65189  69.73652      -160.67
 325.11979  69.77662       -25.45
 334.73488  69.78961      -551.75
 329.95983  69.84041      -209.26
 336.04920  69.85571      -617.55
 322.83942  69.90042        22.11
 326.42509  69.90256       -41.80
 331.27598  69.93652      -272.76
 327.74100  70.02087       -67.80
 324.14799  70.04095        25.30
 329.06683  70.13142      -107.55
 325.46881  70.17392        20.78
 335.26589  70.17702      -507.44
 330.40190  70.23408      -164.16
 323.14750  70.29855        50.24
 326.80131  70.29918         5.97
 328.14482  70.41659       -22.86
 324.48341  70.43875        58.73
 329.49865  70.52601       -69.49
 325.83212  70.57116        57.07
 327.19301  70.69565        41.41
 323.46829  70.69678        72.02
 328.56536  70.81205         7.61
 324.83278  70.83657        83.80
 329.94840  70.92023       -46.67
 326.21065  70.96834        82.74
 331.34128  71.02006      -118.81
 327.60122  71.09194        63.99
 323.80264  71.09510        87.25
 329.00371  71.20722        23.67
 325.19702  71.23438       100.37
 330.41727  71.31405       -38.36
 322.74116  71.34648        71.95
 326.60540  71.36541        97.84
 328.02702  71.48802        74.32
 324.15146  71.49349        96.22
 329.46103  71.60207        26.60
 325.57715  71.63217       109.01
 323.07335  71.74537        75.41
 327.01747  71.76235       103.42
 328.47160  71.88385        73.86
 324.51573  71.89193        99.89
 329.93861  71.99653        19.53
 325.97424  72.02991       111.09
 323.42050  72.14438        75.85
 327.44805  72.15912       101.44
 332.90714  72.19476      -131.76
 328.93625  72.27939        65.42
 324.89654  72.29040        99.85
 322.29087  72.38921        44.73
 330.43784  72.39054         6.33
 326.38949  72.42756       108.66
 331.95170  72.49243       -67.25
 323.78368  72.54350        74.99
 327.89844  72.55567        93.85
 329.42239  72.67456        52.89
 325.29508  72.68886        98.13
 330.96023  72.78405        -8.99
 326.82420  72.82509       104.03
 324.16405  72.94271        74.77
 328.37005  72.95197        84.15
 329.93154  73.06933        39.58
 325.71263  73.08729        96.79
 331.50744  73.17698       -23.02
 327.27979  73.22244        98.67
 328.86445  73.34795        75.05
 330.46540  73.46361        28.02
 327.75783  73.61958        95.07
 329.38334  73.74354        68.02
 331.02579  73.85732        19.32
 332.68371  73.96074       -40.66
 328.26004  74.01644        93.72
 329.92858  74.13867        63.19
 331.61474  74.25039        12.93
 333.31689  74.35137       -45.57
 328.78829  74.41295        93.82
 335.03324  74.44145       -97.56
 330.50222  74.53327        59.23
 332.23447  74.64269         6.68
 333.98321  74.74101       -51.63
 335.74645  74.82804      -101.25
 337.52207  74.90361      -129.21
 331.10654  74.92723        53.54
 332.88740  75.03413        -2.87
 334.68525  75.12953       -63.05
 315.96282  62.31418      -618.84
 315.14048  62.55148      -519.28
 316.09111  62.70828      -540.71
 315.25881  62.94481      -436.69
 316.22294  63.10249      -464.83
 317.19380  63.25548      -498.00
 315.38044  63.33827      -358.36
 316.35848  63.49682      -394.63
 317.34355  63.65057      -440.22
 316.49791  63.89129      -332.44
 317.49764  64.04578      -390.22
 316.64142  64.28591      -279.30
 317.65628  64.44113      -347.89
 315.76673  64.51962      -173.88
 318.67871  64.59123      -426.46
 316.78921  64.68069      -235.03
 317.81970  64.83662      -311.97
 315.90323  64.91376      -132.13
 318.85809  64.98730      -398.80
 316.94149  65.07565      -198.56
 317.98814  65.23226      -280.52
 316.04392  65.30811       -99.51
 319.04304  65.38350      -371.39
 317.09850  65.47079      -168.34
 318.16186  65.62807      -251.47
 321.17687  65.66950      -554.43
 316.18901  65.70268       -74.85
 319.23384  65.77985      -341.99
 317.26048  65.86614      -142.82
 320.31425  65.92602      -433.55
 318.34114  66.02406      -223.16
 321.40288  66.06650      -520.88
 316.33874  66.09748       -57.03
 319.43079  66.17634      -309.20
 317.42770  66.26169      -120.76
 320.52926  66.32288      -395.30
 323.60385  66.32994      -667.15
 318.52626  66.42023      -194.65
 324.71564  66.45271      -720.54
 321.63631  66.46358      -477.04
 316.49336  66.49253       -45.04
 319.63423  66.57299      -272.74
 317.60042  66.65747      -101.45
 320.75142  66.71986      -350.43
 323.87511  66.72702      -614.46
 318.71754  66.81660      -165.84
 325.00627  66.84955      -665.28
 321.87756  66.86074      -424.33
 319.84451  66.96981      -233.33
 323.01239  66.99552      -491.73
 317.77897  67.05348       -84.60
 320.98111  67.11697      -300.57
 324.15560  67.12408      -550.19
 318.91533  67.21317      -137.23
 322.12706  67.25799      -365.16
 320.06201  67.36679      -192.40
 323.28207  67.39275      -424.90
 317.96364  67.44974       -70.13
 321.21875  67.51422      -247.98
 319.11999  67.60996      -109.64
 322.38526  67.65533      -302.37
 320.28713  67.76395      -151.62
 323.56123  67.79002      -353.72
 321.46480  67.91159      -194.99
 319.33191  68.00696       -83.81
 322.65268  68.05275      -238.74
 320.52032  68.16129      -112.47
 321.71973  68.30910      -143.63
 322.92983  68.45025      -176.65
 320.76203  68.55881       -75.99
 321.98408  68.70674       -95.38
 312.99628  61.05139      -696.05
 315.59769  61.13238      -823.97
 316.50352  61.28138      -819.45
 314.80384  61.37215      -751.81
 313.08158  61.44229      -634.37
 315.71626  61.52624      -764.82
 313.99434  61.60585      -660.04
 312.25049  61.66436      -541.67
 316.63435  61.67606      -763.31
 314.91313  61.76517      -681.22
 317.55806  61.82154      -745.72
 313.16909  61.83330      -562.16
 315.83792  61.92017      -695.03
 314.09404  61.99796      -582.69
 312.32804  62.05430      -469.57
 316.76863  62.07080      -698.89
 315.02530  62.15827      -602.25
 313.25889  62.22442      -483.08
 311.47116  62.26865      -389.81
 314.19639  62.39017      -499.66
 312.40764  62.44437      -393.52
 313.35110  62.61568      -401.09
 314.30151  62.78251      -415.20
 311.54025  62.65760      -321.02
 312.48938  62.83459      -317.19
 310.65674  62.86393      -268.36
 313.44583  63.00708      -320.09
 311.61121  63.04672      -254.32
 314.40953  63.17500      -333.33
 312.57337  63.22499      -243.98
 310.71660  63.25186      -214.70
 313.54318  63.39866      -243.61
 311.68414  63.43603      -192.56
 314.52059  63.56765      -257.48
 312.65972  63.61557      -176.81
 310.77814  63.64001      -167.52
 315.50552  63.73189      -287.33
 313.64330  63.79041      -174.49
 311.75913  63.82555      -138.02
 314.63483  63.96047      -190.20
 312.74853  64.00636      -117.97
 310.84143  64.02837      -128.46
 315.63423  64.12566      -225.56
 313.74631  64.18236      -114.81
 311.83627  64.21529       -92.40
 314.75240  64.35348      -133.09
 312.83993  64.39737       -69.04
 310.90654  64.41698       -98.68
 313.85235  64.57453       -65.84
 311.91567  64.60527       -56.86
 314.87348  64.74669       -86.81
 312.93403  64.78861       -31.01
 310.97358  64.80585       -78.85
 313.96158  64.96693       -28.13
 311.99745  64.99550       -32.08
 314.99824  65.14013       -51.31
 313.03099  65.18011        -4.33
 311.04264  65.19499       -69.30
 314.07415  65.35957        -1.73
 312.08172  65.38601       -18.35
 310.06969  65.38687      -140.37
 315.12686  65.53379       -26.03
 313.13094  65.57187        10.93
 311.11381  65.58443       -70.06
 314.19024  65.75247        13.72
 310.12737  65.77513      -156.82
 312.16861  65.77681       -15.66
 315.25955  65.92771       -10.17
 309.12255  65.95791      -273.94
 313.23404  65.96392        15.04
 311.18722  65.97417       -80.86
 314.31004  66.14564        18.85
 312.25826  66.16792       -23.59
 315.39652  66.32188        -2.80
 313.34045  66.35627         8.68
 311.26297  66.36425      -100.94
 314.43373  66.53911        14.58
 312.35082  66.55935       -41.21
 315.53800  66.71633        -2.89
 313.45036  66.74893        -6.96
 311.34119  66.75466      -128.92
 316.65312  66.88783       -38.06
 314.56154  66.93288         2.27
 310.31172  66.94197      -250.64
 312.44643  66.95112       -66.85
 315.68423  67.11108        -9.21
 313.56395  67.14193       -30.00
 311.42202  67.14544      -162.59
 316.81833  67.28340       -35.28
 314.69368  67.32697       -16.22
 310.37728  67.33165      -290.20
 312.54528  67.34325       -98.03
 315.83550  67.50612       -20.18
 313.68143  67.53528       -57.82
 311.50561  67.53660      -198.84
 316.98927  67.67925       -35.73
 314.83040  67.72140       -38.38
 310.44509  67.72174      -328.67
 312.64754  67.73575      -131.37
 318.15481  67.84624       -57.90
 315.99206  67.90148       -33.78
 311.59209  67.92815      -233.79
 313.80302  67.92899       -87.04
 317.16627  68.07539       -38.17
 310.51527  68.11223      -361.94
 314.97197  68.11617       -61.20
 312.75340  68.12865      -162.88
 318.35283  68.24301       -47.51
 316.15425  68.29716       -47.65
 311.68165  68.32012      -263.15
 313.92895  68.32308      -113.90
 319.55151  68.40419       -60.14
 310.58795  68.50317      -385.88
 310.66330  68.89455      -396.93
 317.34970  68.47183       -41.06
 315.11866  68.51131       -81.45
 312.86308  68.52195      -188.38
 318.55811  68.64004       -38.32
 316.32237  68.69319       -59.36
 311.77446  68.71252      -282.82
 314.05949  68.71756      -134.64
 319.77924  68.80165       -38.70
 317.53993  68.86859       -42.84
 315.27077  68.90682       -96.14
 312.97679  68.91567      -204.16
 321.01278  68.95652       -42.79
 318.77109  69.03735       -29.55
 316.49680  69.08957       -66.79
 311.87072  69.10537      -289.60
 314.19489  69.11245      -146.26
 320.01560  69.19934       -19.34
 317.73737  69.26566       -42.25
 310.74147  69.28641      -392.82
 315.42865  69.30272      -103.09
 313.09480  69.30983      -207.66
 321.27312  69.35441       -13.17
 318.99223  69.43495       -20.60
 316.67791  69.48631       -68.64
 311.97063  69.49869      -281.88
 314.33548  69.50777      -147.03
 320.26111  69.59727        -1.93
 317.94246  69.66306       -38.68
 310.82262  69.67875      -373.15
 315.59264  69.69902      -101.44
 313.21735  69.70445      -198.06
 321.54364  69.75248        12.68
 319.22205  69.83282       -11.32
 316.86612  69.88342       -64.71
 312.07442  69.89249      -260.02
 314.48156  69.90352      -136.95
 320.51635  69.99543        13.41
 318.15570  70.06080       -32.35
 310.90695  70.07161      -339.60
 315.76313  70.09573       -91.83
 313.34473  70.09954      -176.54
 321.82498  70.15073        34.45
 319.46108  70.23099        -2.12
 309.71528  70.24154      -443.31
 317.06189  70.28091       -56.01
 312.18235  70.28679      -226.48
 314.63348  70.29973      -117.79
 320.78193  70.39383        26.29
 318.37760  70.45887       -24.32
 310.99466  70.46499      -295.74
 315.94054  70.49287       -76.34
 313.47727  70.49511      -146.09
 322.11783  70.54915        51.75
 319.70994  70.62945         6.17
 309.78206  70.63386      -392.46
 317.26570  70.67879       -44.53
 312.29467  70.68160      -185.35
 314.79163  70.69640       -92.77
 321.05854  70.79246        36.15
 318.60872  70.85729       -16.16
 311.08598  70.85891      -246.48
 316.12531  70.89045       -57.96
 313.61528  70.89119      -110.98
 322.42295  70.94774        64.25
 309.85160  71.02675      -338.74
 319.96926  71.02820        12.55
 312.41167  71.07696      -141.64
 317.47810  71.07707       -32.68
 314.95643  71.09355       -65.84
 321.34690  71.19133        42.56
 311.18113  71.25340      -197.16
 318.84970  71.25607        -9.44
 313.75914  71.28779       -75.85
 316.31796  71.28847       -39.92
 309.92408  71.42022      -287.32
 320.23975  71.42725        16.32
 312.53369  71.47286      -100.29
 317.69965  71.47575       -22.63
 315.12831  71.49119       -40.85
 321.64781  71.59041        45.55
 311.28039  71.64847      -152.51
 319.10119  71.65519        -5.22
 313.90926  71.68491       -44.79
 316.51901  71.68694       -24.90
 309.99971  71.81430      -242.30
 320.52219  71.82658        17.42
 312.66105  71.86934       -65.21
 317.93100  71.87484       -15.77
 315.30777  71.88933       -20.70
 308.69225  71.97005      -371.93
 321.96215  71.98971        45.81
 311.38403  72.04414      -115.84
 319.36394  72.05466        -3.67
 314.06607  72.08259       -20.58
 316.72905  72.08588       -14.43
 310.07871  72.20901      -206.07
 320.81741  72.22619        16.62
 312.79414  72.26640       -38.67
 318.17283  72.27435       -12.35
 315.49536  72.28799        -6.83
 308.74572  72.36363      -337.16
 311.49238  72.44043       -88.59
 319.63875  72.45449        -4.03
 314.23004  72.48082        -4.28
 316.94874  72.48529        -8.70
 321.12634  72.62608        15.34
 312.93337  72.66406       -21.04
 318.42592  72.67427       -11.52
 315.69165  72.68717         0.86
 319.92651  72.85466        -4.79
 317.17877  72.88518        -6.69
 307.38588  72.50769      -500.59
 310.16132  72.60436      -178.99
 308.80166  72.75787      -310.14
 311.60577  72.83735       -70.23
 314.40171  72.87963         4.71
 307.41425  72.90064      -472.62
 310.24780  73.00038      -159.61
 306.00012  73.03236      -648.89
 313.07921  73.06234       -11.07
 318.69110  73.07460       -11.72
 315.89731  73.08689         3.67
 308.86023  73.15280      -288.51
 311.72458  73.23493       -58.81
 320.22819  73.25517        -4.27
 314.58166  73.27903         8.12
 317.41994  73.28555        -6.71
 307.44397  73.29428      -447.02
 310.33846  73.39708      -145.26
 306.00012  73.42452      -617.82
 313.23215  73.46125        -6.54
 318.96928  73.47535       -11.29
 316.11304  73.48715         3.50
 308.92165  73.54843      -269.04
 311.84924  73.63319       -51.59
 314.77053  73.67902         8.11
 317.67310  73.68641        -7.08
 304.52487  73.68865      -778.10
 307.47514  73.68865      -420.21
 310.43361  73.79449      -132.82
 306.00012  73.81741      -582.20
 313.39274  73.86081        -5.01
 319.26149  73.87651        -9.02
 316.33963  73.88796         2.13
 308.98613  73.94480      -248.43
 311.98020  74.03213       -45.92
 314.96902  74.07963         6.59
 304.49213  74.08377      -728.75
 307.50787  74.08377      -388.88
 317.93920  74.08774        -6.63
 310.53362  74.19262      -119.58
 306.00013  74.21105      -538.89
 313.56161  74.26103        -4.48
 316.57795  74.28932         0.74
 309.05393  74.34192      -224.08
 312.11797  74.43178       -39.85
 304.45770  74.47965      -668.05
 307.54230  74.47965      -350.74
 315.17791  74.48085         4.74
 318.21929  74.48957        -4.98
 310.63886  74.59150      -103.78
 306.00013  74.60546      -486.02
 313.73943  74.66193        -3.81
 316.82898  74.69124        -0.26
 309.12531  74.73981      -194.60
 312.26312  74.83216       -32.42
 307.57856  74.87632      -304.94
 304.42144  74.87632      -595.21
 315.39808  74.88270         3.01
 310.74980  74.99115       -84.84
 306.00013  75.00067      -423.38
 313.92696  75.06352        -2.66
 317.09379  75.09373        -1.00
 302.79943  75.13849      -674.42
 309.20058  75.13849      -160.00
 312.41628  75.23329       -23.56
 304.38320  75.27380      -511.43
 307.61681  75.27380      -252.20
 315.63049  75.28519         1.35
 310.86692  75.39158       -63.22
 306.00014  75.39670      -352.47
 314.12505  75.46581        -1.13
 302.71993  75.53800      -572.89
 309.28007  75.53800      -121.47
 312.57815  75.63517       -13.73
 307.65722  75.67213      -194.60
 304.34279  75.67213      -419.75
 315.87623  75.68832        -0.20
 310.99076  75.79282       -39.99
 301.00924  75.79282      -605.85
 306.00014  75.79358      -276.26
 314.33464  75.86882         0.71
 302.63583  75.93835      -465.35
 309.36417  75.93835       -80.95
 312.74953  76.03783        -3.42
 307.69998  76.07132      -135.10
 304.30002  76.07132      -324.68
 292.49503  76.10157      -668.55
 306.00014  76.19133      -198.74
 311.12195  76.19489       -16.40
 300.87805  76.19489      -489.50
 314.55679  76.27255         3.25
 309.45330  76.33956       -40.72
 302.54670  76.33956      -357.72
 312.93130  76.44128         7.23
 299.06870  76.44128      -495.46
 307.74533  76.47139       -77.08
 304.25468  76.47139      -231.61
 295.58732  76.49651      -569.52
 292.12454  76.50568      -565.50
 306.00015  76.58997      -124.36
 311.26118  76.59780         6.50
 300.73882  76.59780      -377.23
 297.20731  76.67701      -486.78
 293.68296  76.70922      -525.74
 309.54794  76.74165        -2.91
 302.45206  76.74165      -256.50
 313.12447  76.84553        18.51
 298.87553  76.84553      -386.20
 304.20651  76.87238      -146.13
 307.79349  76.87238       -23.86
 295.29371  76.90157      -465.84
 291.73064  76.91020      -467.74
 306.00015  76.98953       -57.49
 300.59077  77.00158      -276.16
 311.40924  77.00158        28.03
 296.95629  77.08220      -386.53
 289.73128  77.09896      -403.87
 309.64864  77.14466        30.64
 302.35137  77.14466      -167.95
 298.66983  77.25060      -292.62
 304.15524  77.27430       -73.36
 307.84476  77.27430        21.63
 294.98091  77.30726      -378.64
 306.00015  77.39003        -1.97
 300.43300  77.40624      -192.63
 296.68863  77.48813      -305.67
 302.24400  77.54860       -97.36
 298.45031  77.65650      -220.46
 304.10055  77.67719       -17.47
 294.64694  77.71359      -312.91
 300.26450  77.81180      -131.36
 296.40258  77.89481      -248.86
 292.54503  77.92636      -308.86
 294.28956  78.12053      -270.39
 315.48209  60.73857      -868.92
 316.37599  60.88673      -863.50
 313.89717  61.21385      -727.62
 317.70520  62.21699      -691.62
 316.90652  62.46561      -630.47
 317.04819  62.86050      -562.28
 318.33556  63.79944      -492.47
 319.33438  63.94335      -548.53
 318.50461  64.19528      -456.93
 309.95943  64.61124      -135.04
 319.90422  65.13265      -489.31
 308.09954  66.13254      -414.97
 322.75169  66.59832      -551.01
 326.79796  67.75834      -555.29
 328.35185  68.26221      -500.21
 309.41730  68.28775      -512.30
 329.56892  68.36306      -531.07
 330.79270  68.45681      -571.38
 332.47288  68.93470      -569.35
 307.21813  69.77489      -819.79
 307.26125  70.55272      -728.10
 337.79050  71.00804      -421.09
 332.74310  71.11141      -201.41
 308.59204  71.18482      -465.60
 334.15287  71.19417      -281.63
 307.30796  71.33284      -622.02
 331.84099  71.41226      -116.07
 308.64108  71.57713      -415.16
 334.71486  71.58239      -270.42
 330.90651  71.70739       -41.76
 333.82779  71.89132      -199.93
 335.30135  71.96968      -258.85
 331.41749  72.10021       -52.87
 307.35876  72.11543      -533.99
 306.00012  72.64090      -679.13
 332.51076  72.88397       -80.84
 333.71063  73.66467       -95.86
 335.35185  73.74974      -142.32
 334.35546  74.05361       -97.17
 336.76184  74.52045      -128.92
 338.50064  74.58824      -129.55
 297.44322  76.27255      -599.74
 294.01641  76.30453      -630.16
 294.16354  80.34989      -353.32
 296.36937  80.52143      -320.88
 333.02599  80.62027      -474.99
 298.66042  80.67721      -284.56
 345.03845  80.82981      -649.50
 338.96155  80.82981      -696.16
 343.58581  81.20533      -712.86
 345.29328  81.49979      -695.26
 330.28066  81.53088      -611.58
 303.24758  81.76491      -367.40
 308.75243  81.76491      -330.25
 306.00023  81.86597      -365.92
 317.52875  82.17625      -527.70
 328.01804  82.81098     -1001.33
 321.66551  82.82449      -856.25
 322.58420  83.23728      -995.50
