 314.79269  76.67701        -6.97
 315.04371  77.08220         3.21
 313.33017  77.25060       -13.19
 311.56701  77.40624       -24.85
 315.31138  77.48813        19.55
 309.75601  77.54860       -31.13
 313.54970  77.65650         5.63
 307.89946  77.67719       -33.71
 306.00016  77.79151       -36.75
 311.73551  77.81180        -2.44
 315.59743  77.89481        41.60
 302.12926  77.95350       -70.66
 309.87075  77.95350        -4.80
 298.21548  78.06323      -159.98
 313.78452  78.06323        26.67
 304.04206  78.08106       -29.27
 307.95794  78.08106        -4.20
 290.38370  78.12582      -374.66
 306.00016  78.19398        -5.75
 311.91589  78.21828        17.47
 300.08411  78.21828       -91.24
 315.90388  78.30222        66.34
 296.09613  78.30222      -208.51
 288.16434  78.31137      -391.10
 292.11158  78.33300      -325.28
 309.99367  78.35937        13.53
 302.00633  78.35937       -40.62
 297.96367  78.47081      -138.02
 314.03634  78.47081        47.04
 308.02063  78.48595        11.68
 303.97937  78.48595        -9.20
 293.90618  78.52807      -266.36
 306.00017  78.59749         6.50
 299.89051  78.62569       -79.40
 312.10950  78.62569        31.96
 295.76700  78.71036      -204.10
 316.23301  78.71036        88.18
 301.87430  78.76624       -37.87
 310.12571  78.76624        21.18
 314.30708  78.87925        61.81
 297.69292  78.87925      -145.75
 303.91200  78.89189       -13.41
 308.08801  78.89189        11.71
 306.00017  79.00205        -1.59
 299.68214  79.03405       -97.31
 312.31787  79.03405        37.28
 295.41252  79.11923      -229.09
 316.58749  79.11923       100.94
 310.26792  79.17414        15.40
 301.73208  79.17414       -62.72
 297.40098  79.28853      -181.66
 314.59903  79.28853        65.30
 303.83937  79.29889       -42.05
 308.16063  79.29889        -5.70
 318.95101  79.34480       135.03
 306.00018  79.40769       -30.42
 312.54278  79.44338        29.07
 299.45723  79.44338      -142.36
 316.97039  79.52878        97.65
 301.57843  79.58309      -113.48
 310.42157  79.58309        -6.21
 335.26456  79.68138      -580.27
 314.91479  79.69866        52.49
 297.08522  79.69866      -242.40
 308.23915  79.70699       -41.23
 303.76086  79.70699       -93.60
 319.43226  79.75391       114.16
 306.00019  79.81444       -79.11
 330.97064  79.83173      -284.24
 312.78633  79.85367         4.12
 299.21368  79.85367      -210.13
 326.52905  79.92655       -28.54
 317.38531  79.93902        72.01
 333.65890  79.95893      -508.43
 321.98389  79.96297        88.81
 301.41189  79.99310      -184.89
 310.58812  79.99310       -44.91
 329.20808  80.08601      -211.45
 315.25745  80.10963        18.98
 303.67568  80.11621      -165.07
 308.32432  80.11621       -94.54
 324.62327  80.15505         0.59
 319.95464  80.16345        63.79
 306.00019  80.22234      -145.55
 331.95563  80.22692      -434.14
 313.05096  80.26495       -39.61
 327.34699  80.32920      -156.22
 317.83647  80.34989        19.55
 322.62180  80.37094         3.18
 310.76928  80.40419      -100.32
 301.23072  80.40419      -271.16
 330.15009  80.48456      -366.62
 315.63063  80.52143       -37.82
 303.58295  80.52659      -249.30
 308.41706  80.52659      -162.27
 325.38431  80.56046      -124.12
 320.52366  80.57334       -19.03
 306.00020  80.63141      -226.41
 313.33958  80.67721      -102.60
 328.23798  80.73100      -313.56
 318.32886  80.76134       -61.39
 323.31773  80.77886      -117.07
 310.96711  80.81639      -170.85
 301.03289  80.81639      -365.77
 331.17677  80.88162      -539.75
 316.03865  80.93403      -117.94
 303.48158  80.93814      -340.57
 308.51842  80.93814      -240.91
 326.21555  80.96534      -279.87
 321.14584  80.98348      -133.38
 306.00021  81.04168      -312.95
 298.34436  81.09046      -485.94
 313.65565  81.09046      -183.08
 329.21196  81.13167      -492.03
 318.86843  81.17333      -168.79
 324.07985  81.18660      -267.08
 300.81596  81.22971      -460.54
 311.18404  81.22971      -252.85
 316.48665  81.34740      -218.01
 327.12695  81.36947      -457.41
 321.82896  81.39376      -273.67
 314.00330  81.50468      -276.20
 319.46228  81.58575      -296.18
 324.91796  81.59395      -436.87
 316.98083  81.76149      -330.52
 322.58235  81.80402      -429.17
 320.11902  81.99852      -431.98
 322.63501  72.78890        54.83
 321.44999  73.02624        36.27
 322.99571  73.18875        54.32
 324.56289  73.34196        73.71
 321.78947  73.42664        37.98
 326.15062  73.48565        87.29
 323.37423  73.58875        57.25
 320.54484  73.65602        28.46
 324.98161  73.74124        78.57
 322.14600  73.82728        42.96
 326.61060  73.88388        92.45
 323.77195  73.98886        64.53
 320.87766  74.05718        34.71
 325.42177  74.14050        87.45
 322.52093  74.22812        51.59
 319.56883  74.27808        32.54
 327.09431  74.28195       101.21
 324.19042  74.38905        76.06
 321.22794  74.45865        43.26
 325.88507  74.53969        99.51
 322.91576  74.62916        63.51
 327.60363  74.67977       111.48
 319.89256  74.68004        39.52
 324.63130  74.78929        89.93
 329.34467  74.80904        99.72
 321.59713  74.86040        53.75
 318.51453  74.89187        36.95
 326.37340  74.93877       112.86
 323.33214  75.03034        77.74
 328.14067  75.07730       119.92
 320.23406  75.08237        46.97
 325.09649  75.18953       104.87
 329.93148  75.20461        98.26
 336.49787  75.21323      -276.83
 321.98684  75.26241        65.79
 318.82623  75.29464        40.58
 331.74402  75.32045        39.35
 326.88888  75.33766       124.54
 333.57623  75.42457       -57.53
 323.77192  75.43164        92.47
 328.70773  75.47444       122.42
 320.59486  75.48507        55.18
 317.37357  75.49677        30.42
 335.42588  75.51677      -183.60
 325.58806  75.58971       118.73
 337.29050  75.59684      -321.65
 330.55126  75.59957        86.06
 322.39886  75.66465        78.93
 319.15584  75.69788        44.43
 332.41742  75.71280         9.44
 327.43381  75.73630       131.13
 334.30391  75.81386      -103.80
 324.23714  75.83300       107.14
 329.30741  75.87110       114.72
 320.97668  75.88811        65.06
 317.66967  75.90038        30.84
 336.20824  75.90255      -239.83
 326.10835  75.98977       129.11
 331.20683  75.99380        58.80
 322.83517  76.06708        92.89
 316.13650  76.09209        12.14
 319.50498  76.10157        50.32
 333.12978  76.10413       -38.47
 328.01081  76.13460       129.15
 335.07371  76.20184      -167.82
 324.73010  76.23437       120.49
 329.94256  76.26717        92.97
 337.03580  76.28668      -309.92
 321.38144  76.29147        77.36
 317.98360  76.30453        33.72
 331.90132  76.38717        13.42
 326.65993  76.38963       133.45
 323.29804  76.46965       108.06
 333.88450  76.49430      -105.53
 316.41268  76.49651        14.45
 319.87547  76.50568        60.50
 328.62276  76.53246       115.31
 335.88924  76.58830      -248.09
 325.25338  76.63569       130.96
 330.61638  76.66254        54.27
 321.81131  76.69509        93.12
 318.31705  76.70922        41.85
 332.63820  76.77952       -51.32
 327.24571  76.78920       129.02
 323.78996  76.87231       123.71
 334.68533  76.88311      -190.37
 316.70630  76.90157        22.29
 320.26936  76.91020        76.11
 329.27290  76.92978        86.76
 336.75450  76.97304      -340.45
 325.80984  77.03689       136.24
 331.33243  77.05705        -2.98
 322.26872  77.09896       112.52
 318.67193  77.11444        57.36
 333.42137  77.17068      -134.60
 327.86896  77.18839       112.84
 335.53643  77.27036      -289.23
 324.31378  77.27500       137.81
 317.01910  77.30726        37.61
 320.68899  77.31509        97.69
 329.96488  77.32641        41.26
 337.67393  77.35580      -438.73
 326.40275  77.43786       133.09
 332.09472  77.45055       -78.89
 322.75643  77.50300       133.60
 319.05041  77.52016        79.81
 334.25516  77.56045      -233.57
 328.53334  77.58708        81.82
 336.44245  77.65580      -396.47
 324.87272  77.67765       146.72
 317.35306  77.71359        60.39
 321.13697  77.72031       123.30
 330.70275  77.72221       -22.58
 327.03578  77.83852       117.37
 332.90771  77.84284      -172.00
 323.27755  77.90716       152.19
 319.45497  77.92636       107.33
 335.14440  77.94860      -343.69
 329.24299  77.98512        32.99
 337.40856  78.03916      -505.43
 325.47040  78.08015       145.18
 331.49114  78.11699      -105.10
 317.71044  78.12053        87.39
 321.61631  78.12582       148.24
 333.77644  78.23370      -279.37
 327.71309  78.23872        84.45
 323.83566  78.31137       162.06
 319.88842  78.33300       134.86
 336.09454  78.33486      -459.32
 330.00260  78.38236       -35.97
 338.44055  78.42013      -609.33
 326.11097  78.48241       127.00
 332.33522  78.51056      -205.30
 318.09383  78.52807       113.77
 322.13043  78.53156       165.57
 334.70658  78.62289      -396.80
 328.43943  78.63833        29.97
 324.43483  78.71554       155.72
 337.11166  78.71893      -574.30
 320.35400  78.74005       155.10
 330.81750  78.77860      -126.21
 326.79917  78.88429        85.99
 333.24089  78.90268      -320.74
 318.50620  78.93617       132.35
 322.68328  78.93744       166.94
 335.70451  79.01010      -519.14
 329.22019  79.03718       -49.28
 338.20259  79.10045      -682.66
 325.07971  79.11954       125.57
 320.85544  79.14744       159.49
 331.69374  79.17362      -237.15
 327.54042  79.28564        17.16
 334.21480  79.29306      -447.48
 323.27939  79.34340       144.01
 336.77747  79.39500      -640.71
 330.06156  79.43506      -154.50
 339.37503  79.47901      -779.11
 325.77571  79.52327        65.37
 321.39706  79.55511       139.64
 332.63824  79.56717      -366.15
 328.34099  79.68629       -82.15
 323.92401  79.74931        89.91
 325.30684  67.24633      -642.50
 324.44580  67.52113      -515.55
 325.61790  67.64303      -561.86
 324.74629  67.91816      -436.38
 325.94004  68.03965      -479.02
 327.14205  68.15437      -516.75
 323.85042  68.18731      -315.20
 325.05764  68.31516      -357.19
 326.27390  68.43617      -396.07
 324.15022  68.58463      -244.17
 328.73163  68.65721      -469.29
 325.38048  68.71211      -279.96
 329.97202  68.75703      -507.88
 326.62016  68.83257      -315.50
 323.21729  68.84783      -148.01
 331.21932  68.84956      -551.88
 327.86873  68.94589      -352.27
 324.46125  68.98197      -176.52
 333.73202  69.01237      -654.48
 329.12564  69.05194      -392.65
 322.25839  69.10451       -75.00
 325.71551  69.10901      -206.83
 330.39029  69.15062      -439.81
 326.97956  69.22884      -240.11
 331.66203  69.24182      -494.83
 323.51568  69.24548       -92.51
 332.94016  69.32544      -558.07
 328.25283  69.34133      -278.49
 324.78420  69.37930      -113.95
 334.22396  69.40137      -633.88
 329.53474  69.44635      -325.01
 322.54329  69.50241       -32.63
 326.06345  69.50583      -140.10
 330.82462  69.54380      -383.22
 327.35288  69.62495      -172.82
 332.12178  69.63356      -450.42
 323.82567  69.64319       -42.31
 333.42546  69.71553      -532.27
 328.65189  69.73652      -214.97
 325.11979  69.77662       -58.27
 334.73488  69.78961      -627.47
 329.95983  69.84041      -270.07
 336.04920  69.85571      -731.66
 322.83942  69.90042         4.96
 326.42509  69.90256       -82.07
 331.27598  69.93652      -338.77
 327.74100  70.02087      -116.37
 324.14799  70.04095         1.18
 329.06683  70.13142      -164.64
 325.46881  70.17392       -11.25
 335.26589  70.17702      -634.82
 330.40190  70.23408      -229.81
 323.14750  70.29855        36.57
 326.80131  70.29918       -34.78
 328.14482  70.41659       -72.86
 324.48341  70.43875        36.63
 329.49865  70.52601      -129.38
 325.83212  70.57116        25.71
 327.19301  70.69565         0.40
 323.46829  70.69678        61.12
 328.56536  70.81205       -43.42
 324.83278  70.83657        63.08
 329.94840  70.92023      -109.01
 326.21065  70.96834        51.84
 331.34128  71.02006      -197.05
 327.60122  71.09194        23.06
 323.80264  71.09510        78.04
 329.00371  71.20722       -27.82
 325.19702  71.23438        80.32
 330.41727  71.31405      -103.01
 322.74116  71.34648        74.28
 326.60540  71.36541        67.37
 328.02702  71.48802        34.04
 324.15146  71.49349        87.53
 329.46103  71.60207       -24.30
 325.57715  71.63217        89.11
 323.07335  71.74537        78.06
 327.01747  71.76235        73.67
 328.47160  71.88385        35.23
 324.51573  71.89193        90.74
 329.93861  71.99653       -30.10
 325.97424  72.02991        91.22
 323.42050  72.14438        77.62
 327.44805  72.15912        73.14
 332.90714  72.19476      -240.32
 328.93625  72.27939        29.70
 324.89654  72.29040        89.76
 322.29087  72.38921        57.07
 330.43784  72.39054       -41.48
 326.38949  72.42756        89.26
 331.95170  72.49243      -140.58
 323.78368  72.54350        75.12
 327.89844  72.55567        68.34
 329.42239  72.67456        21.15
 325.29508  72.68886        87.20
 330.96023  72.78405       -54.78
 326.82420  72.82509        86.12
 324.16405  72.94271        73.06
 328.37005  72.95197        62.84
 329.93154  73.06933        12.68
 325.71263  73.08729        85.78
 331.50744  73.17698       -67.24
 327.27979  73.22244        83.83
 328.86445  73.34795        59.19
 330.46540  73.46361         6.15
 327.75783  73.61958        84.80
 329.38334  73.74354        58.36
 331.02579  73.85732         1.62
 332.68371  73.96074       -87.14
 328.26004  74.01644        89.15
 329.92858  74.13867        59.41
 331.61474  74.25039        -2.90
 333.31689  74.35137       -98.27
 328.78829  74.41295        95.21
 335.03324  74.44145      -220.31
 330.50222  74.53327        59.55
 332.23447  74.64269       -11.12
 333.98321  74.74101      -115.26
 335.74645  74.82804      -243.59
 337.52207  74.90361      -380.19
 331.10654  74.92723        54.52
 332.88740  75.03413       -27.78
 334.68525  75.12953      -142.55
 315.96282  62.31418      -488.04
 315.14048  62.55148      -382.63
 316.09111  62.70828      -439.69
 315.25881  62.94481      -327.22
 316.22294  63.10249      -386.49
 317.19380  63.25548      -474.69
 315.38044  63.33827      -270.18
 316.35848  63.49682      -333.00
 317.34355  63.65057      -426.24
 316.49791  63.89129      -282.78
 317.49764  64.04578      -380.96
 316.64142  64.28591      -238.10
 317.65628  64.44113      -340.23
 315.76673  64.51962      -125.41
 318.67871  64.59123      -460.97
 316.78921  64.68069      -199.95
 317.81970  64.83662      -304.21
 315.90323  64.91376       -92.30
 318.85809  64.98730      -425.35
 316.94149  65.07565      -168.35
 317.98814  65.23226      -272.20
 316.04392  65.30811       -67.48
 319.04304  65.38350      -390.78
 317.09850  65.47079      -142.67
 318.16186  65.62807      -243.16
 321.17687  65.66950      -623.61
 316.18901  65.70268       -50.51
 319.23384  65.77985      -356.06
 317.26048  65.86614      -122.08
 320.31425  65.92602      -469.36
 318.34114  66.02406      -216.13
 321.40288  66.06650      -573.67
 316.33874  66.09748       -40.69
 319.43079  66.17634      -320.37
 317.42770  66.26169      -105.77
 320.52926  66.32288      -423.88
 323.60385  66.32994      -735.28
 318.52626  66.42023      -190.44
 324.71564  66.45271      -790.45
 321.63631  66.46358      -518.61
 316.49336  66.49253       -37.17
 319.63423  66.57299      -283.46
 317.60042  66.65747       -93.02
 320.75142  66.71986      -375.25
 323.87511  66.72702      -666.63
 318.71754  66.81660      -165.81
 325.00627  66.84955      -719.15
 321.87756  66.86074      -459.25
 319.84451  66.96981      -245.61
 323.01239  66.99552      -532.06
 317.77897  67.05348       -83.18
 320.98111  67.11697      -324.38
 324.15560  67.12408      -592.88
 318.91533  67.21317      -142.16
 322.12706  67.25799      -396.94
 320.06201  67.36679      -207.41
 323.28207  67.39275      -460.80
 317.96364  67.44974       -75.45
 321.21875  67.51422      -272.44
 319.11999  67.60996      -119.41
 322.38526  67.65533      -333.21
 320.28713  67.76395      -169.50
 323.56123  67.79002      -387.95
 321.46480  67.91159      -220.58
 319.33191  68.00696       -97.35
 322.65268  68.05275      -269.60
 320.52032  68.16129      -132.35
 321.71973  68.30910      -169.84
 322.92983  68.45025      -207.45
 320.76203  68.55881       -96.31
 321.98408  68.70674      -121.04
 312.99628  61.05139      -436.59
 315.59769  61.13238      -555.59
 316.50352  61.28138      -634.49
 314.80384  61.37215      -490.00
 313.08158  61.44229      -432.36
 315.71626  61.52624      -550.30
 313.99434  61.60585      -436.81
 312.25049  61.66436      -443.67
 316.63435  61.67606      -628.72
 314.91313  61.76517      -468.81
 317.55806  61.82154      -720.07
 313.16909  61.83330      -409.12
 315.83792  61.92017      -526.51
 314.09404  61.99796      -404.46
 312.32804  62.05430      -415.67
 316.76863  62.07080      -605.39
 315.02530  62.15827      -431.52
 313.25889  62.22442      -370.20
 311.47116  62.26865      -457.63
 314.19639  62.39017      -358.56
 312.40764  62.44437      -373.73
 313.35110  62.61568      -320.08
 314.30151  62.78251      -303.99
 311.54025  62.65760      -414.73
 312.48938  62.83459      -322.60
 310.65674  62.86393      -483.82
 313.44583  63.00708      -263.78
 311.61121  63.04672      -364.30
 314.40953  63.17500      -245.80
 312.57337  63.22499      -267.27
 310.71660  63.25186      -434.43
 313.54318  63.39866      -206.18
 311.68414  63.43603      -311.24
 314.52059  63.56765      -188.61
 312.65972  63.61557      -212.39
 310.77814  63.64001      -383.81
 315.50552  63.73189      -215.69
 313.64330  63.79041      -151.57
 311.75913  63.82555      -259.99
 314.63483  63.96047      -136.17
 312.74853  64.00636      -161.96
 310.84143  64.02837      -336.22
 315.63423  64.12566      -166.81
 313.74631  64.18236      -103.34
 311.83627  64.21529      -214.32
 314.75240  64.35348       -91.16
 312.83993  64.39737      -119.10
 310.90654  64.41698      -295.26
 313.85235  64.57453       -63.89
 311.91567  64.60527      -177.16
 314.87348  64.74669       -55.19
 312.93403  64.78861       -86.05
 310.97358  64.80585      -263.71
 313.96158  64.96693       -34.73
 311.99745  64.99550      -150.66
 314.99824  65.14013       -29.01
 313.03099  65.18011       -64.29
 311.04264  65.19499      -243.64
 314.07415  65.35957       -16.65
 312.08172  65.38601      -136.28
 310.06969  65.38687      -346.40
 315.12686  65.53379       -12.75
 313.13094  65.57187       -54.63
 311.11381  65.58443      -236.36
 314.19024  65.75247        -9.83
 310.12737  65.77513      -346.15
 312.16861  65.77681      -134.75
 315.25955  65.92771        -6.07
 309.12255  65.95791      -447.05
 313.23404  65.96392       -57.23
 311.18722  65.97417      -242.39
 314.31004  66.14564       -13.93
 312.25826  66.16792      -146.00
 315.39652  66.32188        -8.24
 313.34045  66.35627       -71.50
 311.26297  66.36425      -261.24
 314.43373  66.53911       -27.97
 312.35082  66.55935      -169.00
 315.53800  66.71633       -18.12
 313.45036  66.74893       -95.94
 311.34119  66.75466      -291.23
 316.65312  66.88783       -38.89
 314.56154  66.93288       -50.19
 310.31172  66.94197      -420.59
 312.44643  66.95112      -201.53
 315.68423  67.11108       -33.99
 313.56395  67.14193      -128.02
 311.42202  67.14544      -329.36
 316.81833  67.28340       -44.48
 314.69368  67.32697       -78.00
 310.37728  67.33165      -462.39
 312.54528  67.34325      -240.17
 315.83550  67.50612       -53.52
 313.68143  67.53528      -164.14
 311.50561  67.53660      -371.33
 316.98927  67.67925       -52.18
 314.83040  67.72140      -108.00
 310.44509  67.72174      -505.40
 312.64754  67.73575      -280.37
 318.15481  67.84624       -68.81
 315.99206  67.90148       -73.83
 311.59209  67.92815      -411.85
 313.80302  67.92899      -199.86
 317.16627  68.07539       -59.87
 310.51527  68.11223      -543.89
 314.97197  68.11617      -136.24
 312.75340  68.12865      -316.90
 318.35283  68.24301       -62.06
 316.15425  68.29716       -91.78
 311.68165  68.32012      -445.26
 313.92895  68.32308      -230.46
 319.55151  68.40419       -75.63
 310.58795  68.50317      -572.18
 310.66330  68.89455      -585.53
 317.34970  68.47183       -65.39
 315.11866  68.51131      -158.80
 312.86308  68.52195      -344.60
 318.55811  68.64004       -54.00
 316.32237  68.69319      -104.45
 311.77446  68.71252      -466.41
 314.05949  68.71756      -251.57
 319.77924  68.80165       -53.88
 317.53993  68.86859       -66.88
 315.27077  68.90682      -172.38
 312.97679  68.91567      -359.17
 321.01278  68.95652       -61.68
 318.77109  69.03735       -43.73
 316.49680  69.08957      -109.69
 311.87072  69.10537      -471.48
 314.19489  69.11245      -260.01
 320.01560  69.19934       -31.98
 317.73737  69.26566       -63.23
 310.74147  69.28641      -580.97
 315.42865  69.30272      -174.99
 313.09480  69.30983      -357.98
 321.27312  69.35441       -28.92
 318.99223  69.43495       -30.99
 316.67791  69.48631      -106.59
 311.97063  69.49869      -458.80
 314.33548  69.50777      -254.39
 320.26111  69.59727       -10.29
 317.94246  69.66306       -54.40
 310.82262  69.67875      -557.94
 315.59264  69.69902      -166.34
 313.21735  69.70445      -340.65
 321.54364  69.75248         1.21
 319.22205  69.83282       -16.31
 316.86612  69.88342       -95.70
 312.07442  69.89249      -429.17
 314.48156  69.90352      -235.45
 320.51635  69.99543        10.32
 318.15570  70.06080       -41.45
 310.90695  70.07161      -518.44
 315.76313  70.09573      -147.96
 313.34473  70.09954      -309.11
 321.82498  70.15073        27.62
 319.46108  70.23099        -0.97
 309.71528  70.24154      -609.07
 317.06189  70.28091       -78.93
 312.18235  70.28679      -385.74
 314.63348  70.29973      -205.86
 320.78193  70.39383        28.57
 318.37760  70.45887       -26.30
 310.99466  70.46499      -466.62
 315.94054  70.49287      -122.76
 313.47727  70.49511      -267.23
 322.11783  70.54915        49.13
 319.70994  70.62945        13.34
 309.78206  70.63386      -554.22
 317.26570  70.67879       -59.05
 312.29467  70.68160      -333.38
 314.79163  70.69640      -169.63
 321.05854  70.79246        43.12
 318.60872  70.85729       -11.25
 311.08598  70.85891      -408.01
 316.12531  70.89045       -94.46
 313.61528  70.89119      -219.96
 322.42295  70.94774        64.81
 309.85160  71.02675      -494.87
 319.96926  71.02820        24.96
 312.41167  71.07696      -277.69
 317.47810  71.07707       -39.03
 314.95643  71.09355      -131.27
 321.34690  71.19133        53.02
 311.18113  71.25340      -348.40
 318.84970  71.25607         1.67
 313.75914  71.28779      -172.39
 316.31796  71.28847       -66.63
 309.92408  71.42022      -436.55
 320.23975  71.42725        32.82
 312.53369  71.47286      -223.91
 317.69965  71.47575       -21.30
 315.12831  71.49119       -94.82
 321.64781  71.59041        58.01
 311.28039  71.64847      -292.77
 319.10119  71.65519        11.18
 313.90926  71.68491      -128.66
 316.51901  71.68694       -42.00
 309.99971  71.81430      -383.58
 320.52219  71.82658        36.73
 312.66105  71.86934      -175.97
 317.93100  71.87484        -7.27
 315.30777  71.88933       -63.09
 308.69225  71.97005      -495.82
 321.96215  71.98971        58.84
 311.38403  72.04414      -244.47
 319.36394  72.05466        17.11
 314.06607  72.08259       -91.43
 316.72905  72.08588       -22.02
 310.07871  72.20901      -338.47
 320.81741  72.22619        37.49
 312.79414  72.26640      -136.03
 318.17283  72.27435         2.89
 315.49536  72.28799       -37.38
 308.74572  72.36363      -456.25
 311.49238  72.44043      -204.91
 319.63875  72.45449        20.29
 314.23004  72.48082       -61.60
 316.94874  72.48529        -6.77
 321.12634  72.62608        36.70
 312.93337  72.66406      -104.43
 318.42592  72.67427        10.02
 315.69165  72.68717       -17.56
 319.92651  72.85466        22.22
 317.17877  72.88518         4.63
 307.38588  72.50769      -589.12
 310.16132  72.60436      -301.72
 308.80166  72.75787      -423.48
 311.60577  72.83735      -173.70
 314.40171  72.87963       -38.70
 307.41425  72.90064      -560.13
 310.24780  73.00038      -272.19
 306.00012  73.03236      -696.47
 313.07921  73.06234       -80.15
 318.69110  73.07460        15.46
 315.89731  73.08689        -2.61
 308.86023  73.15280      -395.67
 311.72458  73.23493      -149.25
 320.22819  73.25517        24.51
 314.58166  73.27903       -21.43
 317.41994  73.28555        13.43
 307.44397  73.29428      -533.07
 310.33846  73.39708      -247.71
 306.00012  73.42452      -668.82
 313.23215  73.46125       -61.58
 318.96928  73.47535        20.56
 316.11304  73.48715         8.72
 308.92165  73.54843      -370.21
 311.84924  73.63319      -129.54
 314.77053  73.67902        -8.42
 317.67310  73.68641        20.73
 304.52487  73.68865      -788.16
 307.47514  73.68865      -505.05
 310.43361  73.79449      -225.93
 306.00012  73.81741      -636.85
 313.39274  73.86081       -47.13
 319.26149  73.87651        26.17
 316.33963  73.88796        17.41
 308.98613  73.94480      -344.52
 311.98020  74.03213      -112.79
 314.96902  74.07963         1.28
 304.49213  74.08377      -747.38
 307.50787  74.08377      -473.43
 317.93920  74.08774        27.08
 310.53362  74.19262      -204.89
 306.00013  74.21105      -597.99
 313.56161  74.26103       -35.78
 316.57795  74.28932        23.85
 309.05393  74.34192      -316.62
 312.11797  74.43178       -97.88
 304.45770  74.47965      -695.91
 307.54230  74.47965      -436.32
 315.17791  74.48085         8.04
 318.21929  74.48957        32.52
 310.63886  74.59150      -183.49
 306.00013  74.60546      -550.55
 313.73943  74.66193       -27.12
 316.82898  74.69124        28.03
 309.12531  74.73981      -285.48
 312.26312  74.83216       -84.39
 307.57856  74.87632      -392.95
 304.42144  74.87632      -632.79
 315.39808  74.88270        11.92
 310.74980  74.99115      -161.39
 306.00013  75.00067      -494.13
 313.92696  75.06352       -21.05
 317.09379  75.09373        30.01
 302.79943  75.13849      -682.52
 309.20058  75.13849      -251.07
 312.41628  75.23329       -72.30
 304.38320  75.27380      -558.54
 307.61681  75.27380      -343.68
 315.63049  75.28519        13.13
 310.86692  75.39158      -138.82
 306.00014  75.39670      -429.56
 314.12505  75.46581       -17.30
 302.71993  75.53800      -592.64
 309.28007  75.53800      -214.05
 312.57815  75.63517       -61.49
 307.65722  75.67213      -289.83
 304.34279  75.67213      -475.21
 315.87623  75.68832        12.58
 310.99076  75.79282      -116.14
 301.00924  75.79282      -601.77
 306.00014  75.79358      -358.92
 314.33464  75.86882       -14.95
 302.63583  75.93835      -494.19
 309.36417  75.93835      -175.52
 312.74953  76.03783       -51.41
 307.69998  76.07132      -233.43
 304.30002  76.07132      -386.23
 292.49503  76.10157      -729.58
 306.00014  76.19133      -285.21
 311.12195  76.19489       -93.51
 300.87805  76.19489      -494.41
 314.55679  76.27255       -12.27
 309.45330  76.33956      -136.69
 302.54670  76.33956      -392.09
 312.93130  76.44128       -40.93
 299.06870  76.44128      -487.02
 307.74533  76.47139      -176.89
 304.25468  76.47139      -296.13
 295.58732  76.49651      -577.43
 292.12454  76.50568      -642.33
 306.00015  76.58997      -212.09
 311.26118  76.59780       -70.84
 300.73882  76.59780      -386.60
 297.20731  76.67701      -481.19
 293.68296  76.70922      -569.11
 309.54794  76.74165       -98.79
 302.45206  76.74165      -292.31
 313.12447  76.84553       -28.60
 298.87553  76.84553      -381.18
 304.20651  76.87238      -210.10
 307.79349  76.87238      -122.89
 295.29371  76.90157      -480.49
 291.73064  76.91020      -551.55
 306.00015  76.98953      -143.60
 300.59077  77.00158      -285.52
 311.40924  77.00158       -47.92
 296.95629  77.08220      -383.50
 289.73128  77.09896      -520.60
 309.64864  77.14466       -63.10
 302.35137  77.14466      -201.37
 298.66983  77.25060      -286.66
 304.15524  77.27430      -133.61
 307.84476  77.27430       -74.22
 294.98091  77.30726      -394.80
 306.00015  77.39003       -83.84
 300.43300  77.40624      -198.45
 296.68863  77.48813      -301.31
 302.24400  77.54860      -125.63
 298.45031  77.65650      -210.89
 304.10055  77.67719       -71.84
 294.64694  77.71359      -327.28
 300.26450  77.81180      -131.97
 296.40258  77.89481      -241.59
 292.54503  77.92636      -352.15
 294.28956  78.12053      -282.32
 315.48209  60.73857      -540.13
 316.37599  60.88673      -619.88
 313.89717  61.21385      -451.58
 317.70520  62.21699      -699.19
 316.90652  62.46561      -568.68
 317.04819  62.86050      -523.51
 318.33556  63.79944      -539.48
 319.33438  63.94335      -661.48
 318.50461  64.19528      -498.82
 309.95943  64.61124      -385.93
 319.90422  65.13265      -550.48
 308.09954  66.13254      -524.09
 322.75169  66.59832      -600.01
 326.79796  67.75834      -600.75
 328.35185  68.26221      -550.82
 309.41730  68.28775      -664.62
 329.56892  68.36306      -583.07
 330.79270  68.45681      -616.12
 332.47288  68.93470      -598.93
 307.21813  69.77489      -860.97
 307.26125  70.55272      -795.50
 337.79050  71.00804      -810.62
 332.74310  71.11141      -307.03
 308.59204  71.18482      -595.03
 334.15287  71.19417      -434.96
 307.30796  71.33284      -704.75
 331.84099  71.41226      -202.69
 308.64108  71.57713      -542.59
 334.71486  71.58239      -461.42
 330.90651  71.70739      -108.85
 333.82779  71.89132      -348.91
 335.30135  71.96968      -491.88
 331.41749  72.10021      -122.73
 307.35876  72.11543      -622.40
 306.00012  72.64090      -722.77
 332.51076  72.88397      -158.86
 333.71063  73.66467      -189.75
 335.35185  73.74974      -321.72
 334.35546  74.05361      -203.66
 336.76184  74.52045      -356.20
 338.50064  74.58824      -488.57
 297.44322  76.27255      -586.34
 294.01641  76.30453      -662.25
 294.16354  80.34989      -435.39
 296.36937  80.52143      -413.29
 333.02599  80.62027      -596.88
 298.66042  80.67721      -389.82
 345.03845  80.82981      -965.27
 338.96155  80.82981      -947.31
 343.58581  81.20533     -1032.19
 345.29328  81.49979     -1027.65
 330.28066  81.53088      -678.74
 303.24758  81.76491      -512.49
 308.75243  81.76491      -407.45
 306.00023  81.86597      -477.52
 317.52875  82.17625      -443.02
 328.01804  82.81098      -888.33
 321.66551  82.82449      -655.55
 322.58420  83.23728      -694.50
