 314.79269  76.67701        38.71
 315.04371  77.08220        51.87
 313.33017  77.25060        35.98
 311.56701  77.40624        14.98
 315.31138  77.48813        66.97
 309.75601  77.54860        -9.21
 313.54970  77.65650        54.60
 307.89946  77.67719       -34.69
 306.00016  77.79151       -60.48
 311.73551  77.81180        37.33
 315.59743  77.89481        82.21
 302.12926  77.95350      -122.76
 309.87075  77.95350        17.10
 298.21548  78.06323      -208.45
 313.78452  78.06323        70.64
 304.04206  78.08106       -68.77
 307.95794  78.08106        -4.48
 290.38370  78.12582      -443.94
 306.00016  78.19398       -26.99
 311.91589  78.21828        53.84
 300.08411  78.21828      -138.95
 315.90388  78.30222        93.64
 296.09613  78.30222      -244.83
 288.16434  78.31137      -487.43
 292.11158  78.33300      -371.78
 309.99367  78.35937        33.89
 302.00633  78.35937       -84.24
 297.96367  78.47081      -174.25
 314.03634  78.47081        80.77
 308.02063  78.48595        12.31
 303.97937  78.48595       -42.66
 293.90618  78.52807      -298.79
 306.00017  78.59749       -10.83
 299.89051  78.62569      -116.11
 312.10950  78.62569        61.61
 295.76700  78.71036      -230.27
 316.23301  78.71036        95.97
 301.87430  78.76624       -71.52
 310.12571  78.76624        38.94
 314.30708  78.87925        80.29
 297.69292  78.87925      -170.50
 303.91200  78.89189       -38.17
 308.08801  78.89189        14.30
 306.00017  79.00205       -12.38
 299.68214  79.03405      -121.26
 312.31787  79.03405        57.53
 295.41252  79.11923      -245.45
 316.58749  79.11923        84.90
 310.26792  79.17414        30.46
 301.73208  79.17414       -82.75
 297.40098  79.28853      -192.46
 314.59903  79.28853        65.44
 303.83937  79.29889       -53.62
 308.16063  79.29889         1.19
 318.95101  79.34480        69.09
 306.00018  79.40769       -30.44
 312.54278  79.44338        38.91
 299.45723  79.44338      -148.65
 316.97039  79.52878        56.74
 301.57843  79.58309      -113.52
 310.42157  79.58309         7.93
 335.26456  79.68138      -363.85
 314.91479  79.69866        34.76
 297.08522  79.69866      -232.99
 308.23915  79.70699       -25.63
 303.76086  79.70699       -85.03
 319.43226  79.75391        23.52
 306.00019  79.81444       -61.75
 330.97064  79.83173      -273.31
 312.78633  79.85367         6.09
 299.21368  79.85367      -190.50
 326.52905  79.92655      -146.06
 317.38531  79.93902        10.65
 333.65890  79.95893      -357.54
 321.98389  79.96297       -39.24
 301.41189  79.99310      -155.20
 310.58812  79.99310       -26.72
 329.20808  80.08601      -252.52
 315.25745  80.10963       -10.69
 303.67568  80.11621      -125.88
 308.32432  80.11621       -62.37
 324.62327  80.15505      -128.83
 319.95464  80.16345       -40.29
 306.00019  80.22234      -100.53
 331.95563  80.22692      -345.13
 313.05096  80.26495       -37.62
 327.34699  80.32920      -232.50
 317.83647  80.34989       -49.94
 322.62180  80.37094      -118.59
 310.76928  80.40419       -67.96
 301.23072  80.40419      -198.12
 330.15009  80.48456      -328.81
 315.63063  80.52143       -65.76
 303.58295  80.52659      -165.22
 308.41706  80.52659      -101.16
 325.38431  80.56046      -214.98
 320.52366  80.57334      -114.99
 306.00020  80.63141      -138.37
 313.33958  80.67721       -85.32
 328.23798  80.73100      -310.07
 318.32886  80.76134      -116.34
 323.31773  80.77886      -200.23
 310.96711  80.81639      -107.31
 301.03289  80.81639      -231.14
 331.17677  80.88162      -378.13
 316.03865  80.93403      -120.51
 303.48158  80.93814      -192.45
 308.51842  80.93814      -132.19
 326.21555  80.96534      -289.34
 321.14584  80.98348      -187.26
 306.00021  81.04168      -162.12
 298.34436  81.09046      -296.23
 313.65565  81.09046      -126.02
 329.21196  81.13167      -357.60
 318.86843  81.17333      -174.37
 324.07985  81.18660      -265.85
 300.81596  81.22971      -241.91
 311.18404  81.22971      -132.93
 316.48665  81.34740      -160.20
 327.12695  81.36947      -329.62
 321.82896  81.39376      -238.15
 314.00330  81.50468      -144.73
 319.46228  81.58575      -204.89
 324.91796  81.59395      -292.49
 316.98083  81.76149      -165.91
 322.58235  81.80402      -244.53
 320.11902  81.99852      -185.12
 322.63501  72.78890        61.43
 321.44999  73.02624        74.36
 322.99571  73.18875        53.49
 324.56289  73.34196        28.70
 321.78947  73.42664        67.87
 326.15062  73.48565         0.60
 323.37423  73.58875        46.57
 320.54484  73.65602        79.22
 324.98161  73.74124        22.26
 322.14600  73.82728        61.96
 326.61060  73.88388        -4.75
 323.77195  73.98886        41.17
 320.87766  74.05718        73.93
 325.42177  74.14050        17.85
 322.52093  74.22812        56.87
 319.56883  74.27808        80.75
 327.09431  74.28195        -7.44
 324.19042  74.38905        37.12
 321.22794  74.45865        68.68
 325.88507  74.53969        15.04
 322.91576  74.62916        52.33
 327.60363  74.67977        -8.52
 319.89256  74.68004        75.42
 324.63130  74.78929        33.46
 329.34467  74.80904       -33.29
 321.59713  74.86040        63.39
 318.51453  74.89187        75.26
 326.37340  74.93877        12.83
 323.33214  75.03034        47.84
 328.14067  75.07730        -9.54
 320.23406  75.08237        69.72
 325.09649  75.18953        29.79
 329.93148  75.20461       -33.55
 336.49787  75.21323      -101.80
 321.98684  75.26241        58.06
 318.82623  75.29464        70.14
 331.74402  75.32045       -57.94
 326.88888  75.33766        10.02
 333.57623  75.42457       -80.11
 323.77192  75.43164        42.88
 328.70773  75.47444       -12.20
 320.59486  75.48507        64.13
 317.37357  75.49677        62.95
 335.42588  75.51677       -96.37
 325.58806  75.58971        25.55
 337.29050  75.59684      -102.48
 330.55126  75.59957       -36.86
 322.39886  75.66465        52.79
 319.15584  75.69788        65.50
 332.41742  75.71280       -62.60
 327.43381  75.73630         5.58
 334.30391  75.81386       -86.40
 324.23714  75.83300        37.99
 329.30741  75.87110       -18.02
 320.97668  75.88811        59.57
 317.66967  75.90038        60.86
 336.20824  75.90255      -103.87
 326.10835  75.98977        20.40
 331.20683  75.99380       -45.14
 322.83517  76.06708        48.29
 316.13650  76.09209        48.70
 319.50498  76.10157        62.62
 333.12978  76.10413       -73.90
 328.01081  76.13460        -1.39
 335.07371  76.20184      -100.40
 324.73010  76.23437        33.43
 329.94256  76.26717       -28.38
 337.03580  76.28668      -119.12
 321.38144  76.29147        56.82
 317.98360  76.30453        61.03
 331.90132  76.38717       -59.96
 326.65993  76.38963        13.97
 323.29804  76.46965        45.60
 333.88450  76.49430       -93.19
 316.41268  76.49651        53.41
 319.87547  76.50568        62.92
 328.62276  76.53246       -11.84
 335.88924  76.58830      -122.75
 325.25338  76.63569        29.17
 330.61638  76.66254       -44.61
 321.81131  76.69509        57.00
 318.31705  76.70922        64.84
 332.63820  76.77952       -82.56
 327.24571  76.78920         5.46
 323.78996  76.87231        44.74
 334.68533  76.88311      -121.07
 316.70630  76.90157        61.49
 320.26936  76.91020        66.66
 329.27290  76.92978       -27.15
 336.75450  76.97304      -152.97
 325.80984  77.03689        24.26
 331.33243  77.05705       -68.13
 322.26872  77.09896        60.14
 318.67193  77.11444        72.87
 333.42137  77.17068      -113.80
 327.86896  77.18839        -6.84
 335.53643  77.27036      -157.24
 324.31378  77.27500        44.35
 317.01910  77.30726        73.13
 320.68899  77.31509        73.73
 329.96488  77.32641       -49.24
 337.67393  77.35580      -189.27
 326.40275  77.43786        16.36
 332.09472  77.45055      -100.39
 322.75643  77.50300        64.31
 319.05041  77.52016        83.28
 334.25516  77.56045      -153.90
 328.53334  77.58708       -25.68
 336.44245  77.65580      -200.20
 324.87272  77.67765        41.31
 317.35306  77.71359        86.69
 321.13697  77.72031        81.69
 330.70275  77.72221       -80.46
 327.03578  77.83852         1.75
 332.90771  77.84284      -142.40
 323.27755  77.90716        65.56
 319.45497  77.92636        93.66
 335.14440  77.94860      -201.88
 329.24299  77.98512       -54.45
 337.40856  78.03916      -246.73
 325.47040  78.08015        30.86
 331.49114  78.11699      -122.78
 317.71044  78.12053        97.97
 321.61631  78.12582        85.86
 333.77644  78.23370      -193.88
 327.71309  78.23872       -24.08
 323.83566  78.31137        58.29
 319.88842  78.33300        98.96
 336.09454  78.33486      -254.78
 330.00260  78.38236       -96.16
 338.44055  78.42013      -291.41
 326.11097  78.48241         7.57
 332.33522  78.51056      -176.69
 318.09383  78.52807       102.55
 322.13043  78.53156        80.14
 334.70658  78.62289      -252.18
 328.43943  78.63833       -65.03
 324.43483  78.71554        36.42
 337.11166  78.71893      -306.94
 320.35400  78.74005        92.95
 330.81750  78.77860      -151.97
 326.79917  78.88429       -33.11
 333.24089  78.90268      -239.79
 318.50620  78.93617        94.61
 322.68328  78.93744        58.26
 335.70451  79.01010      -311.38
 329.22019  79.03718      -122.73
 338.20259  79.10045      -349.65
 325.07971  79.11954        -4.81
 320.85544  79.14744        69.71
 331.69374  79.17362      -219.60
 327.54042  79.28564       -92.93
 334.21480  79.29306      -305.76
 323.27939  79.34340        15.71
 336.77747  79.39500      -361.83
 330.06156  79.43506      -194.74
 339.37503  79.47901      -371.54
 325.77571  79.52327       -66.87
 321.39706  79.55511        25.52
 332.63824  79.56717      -292.12
 328.34099  79.68629      -168.98
 323.92401  79.74931       -48.22
 325.30684  67.24633      -531.78
 324.44580  67.52113      -430.97
 325.61790  67.64303      -472.85
 324.74629  67.91816      -372.92
 325.94004  68.03965      -413.13
 327.14205  68.15437      -436.59
 323.85042  68.18731      -265.11
 325.05764  68.31516      -316.26
 326.27390  68.43617      -354.05
 324.15022  68.58463      -215.55
 328.73163  68.65721      -385.13
 325.38048  68.71211      -262.04
 329.97202  68.75703      -379.86
 326.62016  68.83257      -296.73
 323.21729  68.84783      -120.91
 331.21932  68.84956      -362.32
 327.86873  68.94589      -318.47
 324.46125  68.98197      -169.68
 333.73202  69.01237      -285.54
 329.12564  69.05194      -327.60
 322.25839  69.10451       -41.13
 325.71551  69.10901      -211.04
 330.39029  69.15062      -324.83
 326.97956  69.22884      -242.36
 331.66203  69.24182      -308.91
 323.51568  69.24548       -85.49
 332.94016  69.32544      -278.99
 328.25283  69.34133      -262.97
 324.78420  69.37930      -127.92
 334.22396  69.40137      -237.29
 329.53474  69.44635      -273.09
 322.54329  69.50241       -16.39
 326.06345  69.50583      -164.24
 330.82462  69.54380      -272.73
 327.35288  69.62495      -192.63
 332.12178  69.63356      -257.76
 323.82567  69.64319       -54.35
 333.42546  69.71553      -230.87
 328.65189  69.73652      -212.69
 325.11979  69.77662       -90.97
 334.73488  69.78961      -191.16
 329.95983  69.84041      -224.27
 336.04920  69.85571      -138.83
 322.83942  69.90042         4.59
 326.42509  69.90256      -123.11
 331.27598  69.93652      -224.61
 327.74100  70.02087      -149.63
 324.14799  70.04095       -27.92
 329.06683  70.13142      -170.17
 325.46881  70.17392       -59.98
 335.26589  70.17702      -149.98
 330.40190  70.23408      -183.29
 323.14750  70.29855        21.49
 326.80131  70.29918       -89.43
 328.14482  70.41659      -115.59
 324.48341  70.43875        -7.08
 329.49865  70.52601      -137.75
 325.83212  70.57116       -36.31
 327.19301  70.69565       -64.89
 323.46829  70.69678        33.65
 328.56536  70.81205       -92.20
 324.83278  70.83657         7.20
 329.94840  70.92023      -116.08
 326.21065  70.96834       -21.13
 331.34128  71.02006      -133.03
 327.60122  71.09194       -50.54
 323.80264  71.09510        40.35
 329.00371  71.20722       -80.03
 325.19702  71.23438        14.25
 330.41727  71.31405      -105.80
 322.74116  71.34648        63.86
 326.60540  71.36541       -14.83
 328.02702  71.48802       -46.26
 324.15146  71.49349        41.34
 329.46103  71.60207       -77.67
 325.57715  71.63217        14.21
 323.07335  71.74537        61.28
 327.01747  71.76235       -16.70
 328.47160  71.88385       -50.32
 324.51573  71.89193        37.08
 329.93861  71.99653       -83.24
 325.97424  72.02991         8.21
 323.42050  72.14438        55.00
 327.44805  72.15912       -24.80
 332.90714  72.19476      -129.06
 328.93625  72.27939       -59.77
 324.89654  72.29040        28.92
 322.29087  72.38921        69.27
 330.43784  72.39054       -93.11
 326.38949  72.42756        -1.72
 331.95170  72.49243      -119.87
 323.78368  72.54350        46.36
 327.89844  72.55567       -36.05
 329.42239  72.67456       -71.26
 325.29508  72.68886        18.78
 330.96023  72.78405      -103.43
 326.82420  72.82509       -12.99
 324.16405  72.94271        37.07
 328.37005  72.95197       -47.35
 329.93154  73.06933       -81.44
 325.71263  73.08729         8.77
 331.50744  73.17698      -110.98
 327.27979  73.22244       -22.94
 328.86445  73.34795       -56.14
 330.46540  73.46361       -87.89
 327.75783  73.61958       -29.90
 329.38334  73.74354       -60.99
 331.02579  73.85732       -89.69
 332.68371  73.96074      -111.85
 328.26004  74.01644       -33.33
 329.92858  74.13867       -61.88
 331.61474  74.25039       -87.50
 333.31689  74.35137      -106.39
 328.78829  74.41295       -33.93
 335.03324  74.44145      -114.76
 330.50222  74.53327       -60.12
 332.23447  74.64269       -83.32
 333.98321  74.74101      -100.02
 335.74645  74.82804      -106.66
 337.52207  74.90361      -100.20
 331.10654  74.92723       -57.93
 332.88740  75.03413       -79.90
 334.68525  75.12953       -95.75
 315.96282  62.31418      -386.78
 315.14048  62.55148      -375.64
 316.09111  62.70828      -355.60
 315.25881  62.94481      -334.50
 316.22294  63.10249      -320.11
 317.19380  63.25548      -321.69
 315.38044  63.33827      -289.60
 316.35848  63.49682      -283.38
 317.34355  63.65057      -298.66
 316.49791  63.89129      -247.60
 317.49764  64.04578      -276.56
 316.64142  64.28591      -213.87
 317.65628  64.44113      -255.02
 315.76673  64.51962      -161.13
 318.67871  64.59123      -319.56
 316.78921  64.68069      -182.36
 317.81970  64.83662      -232.94
 315.90323  64.91376      -125.63
 318.85809  64.98730      -306.32
 316.94149  65.07565      -152.67
 317.98814  65.23226      -209.04
 316.04392  65.30811       -94.60
 319.04304  65.38350      -287.01
 317.09850  65.47079      -124.23
 318.16186  65.62807      -182.47
 321.17687  65.66950      -470.03
 316.18901  65.70268       -67.98
 319.23384  65.77985      -260.95
 317.26048  65.86614       -96.77
 320.31425  65.92602      -350.18
 318.34114  66.02406      -153.15
 321.40288  66.06650      -440.57
 316.33874  66.09748       -45.75
 319.43079  66.17634      -228.70
 317.42770  66.26169       -70.47
 320.52926  66.32288      -314.17
 323.60385  66.32994      -590.62
 318.52626  66.42023      -121.91
 324.71564  66.45271      -637.15
 321.63631  66.46358      -400.40
 316.49336  66.49253       -27.97
 319.63423  66.57299      -192.00
 317.60042  66.65747       -46.00
 320.75142  66.71986      -271.95
 323.87511  66.72702      -543.13
 318.71754  66.81660       -90.30
 325.00627  66.84955      -587.64
 321.87756  66.86074      -353.11
 319.84451  66.96981      -153.36
 323.01239  66.99552      -427.53
 317.77897  67.05348       -24.24
 320.98111  67.11697      -226.90
 324.15560  67.12408      -488.65
 318.91533  67.21317       -60.15
 322.12706  67.25799      -302.59
 320.06201  67.36679      -115.46
 323.28207  67.39275      -372.73
 317.96364  67.44974        -5.89
 321.21875  67.51422      -182.22
 319.11999  67.60996       -33.03
 322.38526  67.65533      -252.23
 320.28713  67.76395       -80.48
 323.56123  67.79002      -317.88
 321.46480  67.91159      -140.38
 319.33191  68.00696        -9.87
 322.65268  68.05275      -204.46
 320.52032  68.16129       -49.74
 321.71973  68.30910      -102.77
 322.92983  68.45025      -160.56
 320.76203  68.55881       -23.56
 321.98408  68.70674       -69.78
 312.99628  61.05139      -419.45
 315.59769  61.13238      -419.19
 316.50352  61.28138      -391.77
 314.80384  61.37215      -438.81
 313.08158  61.44229      -437.25
 315.71626  61.52624      -421.81
 313.99434  61.60585      -442.12
 312.25049  61.66436      -431.63
 316.63435  61.67606      -393.23
 314.91313  61.76517      -431.35
 317.55806  61.82154      -358.83
 313.16909  61.83330      -437.53
 315.83792  61.92017      -410.04
 314.09404  61.99796      -428.15
 312.32804  62.05430      -433.98
 316.76863  62.07080      -383.78
 315.02530  62.15827      -409.20
 313.25889  62.22442      -421.69
 311.47116  62.26865      -439.05
 314.19639  62.39017      -399.85
 312.40764  62.44437      -421.39
 313.35110  62.61568      -392.40
 314.30151  62.78251      -360.73
 311.54025  62.65760      -434.55
 312.48938  62.83459      -396.49
 310.65674  62.86393      -464.79
 313.44583  63.00708      -353.20
 311.61121  63.04672      -419.00
 314.40953  63.17500      -314.76
 312.57337  63.22499      -362.76
 310.71660  63.25186      -462.37
 313.54318  63.39866      -308.08
 311.68414  63.43603      -395.65
 314.52059  63.56765      -265.87
 312.65972  63.61557      -324.09
 310.77814  63.64001      -452.98
 315.50552  63.73189      -244.24
 313.64330  63.79041      -261.03
 311.75913  63.82555      -368.16
 314.63483  63.96047      -217.56
 312.74853  64.00636      -284.38
 310.84143  64.02837      -439.97
 315.63423  64.12566      -200.91
 313.74631  64.18236      -215.63
 311.83627  64.21529      -340.30
 314.75240  64.35348      -172.56
 312.83993  64.39737      -247.25
 310.90654  64.41698      -426.81
 313.85235  64.57453      -174.83
 311.91567  64.60527      -315.56
 314.87348  64.74669      -132.80
 312.93403  64.78861      -215.76
 310.97358  64.80585      -416.81
 313.96158  64.96693      -140.86
 311.99745  64.99550      -296.99
 314.99824  65.14013       -99.46
 313.03099  65.18011      -192.26
 311.04264  65.19499      -412.85
 314.07415  65.35957      -115.19
 312.08172  65.38601      -286.93
 310.06969  65.38687      -550.78
 315.12686  65.53379       -73.15
 313.13094  65.57187      -178.33
 311.11381  65.58443      -417.08
 314.19024  65.75247       -98.60
 310.12737  65.77513      -568.17
 312.16861  65.77681      -286.82
 315.25955  65.92771       -54.05
 309.12255  65.95791      -721.39
 313.23404  65.96392      -174.67
 311.18722  65.97417      -430.72
 314.31004  66.14564       -91.19
 312.25826  66.16792      -297.09
 315.39652  66.32188       -42.01
 313.34045  66.35627      -181.01
 311.26297  66.36425      -453.77
 314.43373  66.53911       -92.36
 312.35082  66.55935      -316.93
 315.53800  66.71633       -36.54
 313.45036  66.74893      -196.06
 311.34119  66.75466      -484.85
 316.65312  66.88783       -14.66
 314.56154  66.93288      -100.76
 310.31172  66.94197      -665.36
 312.44643  66.95112      -344.27
 315.68423  67.11108       -36.69
 313.56395  67.14193      -217.46
 311.42202  67.14544      -521.18
 316.81833  67.28340        -5.62
 314.69368  67.32697      -114.23
 310.37728  67.33165      -706.62
 312.54528  67.34325      -375.77
 315.83550  67.50612       -40.93
 313.68143  67.53528      -241.85
 311.50561  67.53660      -558.66
 316.98927  67.67925        -0.21
 314.83040  67.72140      -129.89
 310.44509  67.72174      -745.85
 312.64754  67.73575      -407.07
 318.15481  67.84624         8.80
 315.99206  67.90148       -47.17
 311.59209  67.92815      -592.26
 313.80302  67.92899      -265.14
 317.16627  68.07539         2.78
 310.51527  68.11223      -777.79
 314.97197  68.11617      -144.33
 312.75340  68.12865      -433.20
 318.35283  68.24301        20.27
 316.15425  68.29716       -52.88
 311.68165  68.32012      -616.64
 313.92895  68.32308      -282.96
 319.55151  68.40419         9.25
 310.58795  68.50317      -797.19
 310.66330  68.89455      -799.64
 317.34970  68.47183         5.01
 315.11866  68.51131      -154.04
 312.86308  68.52195      -449.30
 318.55811  68.64004        29.53
 316.32237  68.69319       -55.49
 311.77446  68.71252      -626.94
 314.05949  68.71756      -291.27
 319.77924  68.80165        24.94
 317.53993  68.86859         8.29
 315.27077  68.90682      -155.99
 312.97679  68.91567      -451.35
 321.01278  68.95652        -1.52
 318.77109  69.03735        37.86
 316.49680  69.08957       -52.85
 311.87072  69.10537      -619.59
 314.19489  69.11245      -287.10
 320.01560  69.19934        38.16
 317.73737  69.26566        14.11
 310.74147  69.28641      -782.36
 315.42865  69.30272      -148.20
 313.09480  69.30983      -436.91
 321.27312  69.35441        17.11
 318.99223  69.43495        46.34
 316.67791  69.48631       -43.74
 311.97063  69.49869      -593.06
 314.33548  69.50777      -269.14
 320.26111  69.59727        49.77
 317.94246  69.66306        23.25
 310.82262  69.67875      -744.87
 315.59264  69.69902      -130.21
 313.21735  69.70445      -405.68
 321.54364  69.75248        32.90
 319.22205  69.83282        55.53
 316.86612  69.88342       -28.19
 312.07442  69.89249      -548.23
 314.48156  69.90352      -238.06
 320.51635  69.99543        60.13
 318.15570  70.06080        35.49
 310.90695  70.07161      -689.15
 315.76313  70.09573      -103.24
 313.34473  70.09954      -359.65
 321.82498  70.15073        45.97
 319.46108  70.23099        65.21
 309.71528  70.24154      -823.68
 317.06189  70.28091        -7.54
 312.18235  70.28679      -488.35
 314.63348  70.29973      -196.46
 320.78193  70.39383        68.99
 318.37760  70.45887        49.67
 310.99466  70.46499      -619.42
 315.94054  70.49287       -69.99
 313.47727  70.49511      -302.81
 322.11783  70.54915        55.91
 319.70994  70.62945        74.45
 309.78206  70.63386      -750.38
 317.26570  70.67879        15.83
 312.29467  70.68160      -418.52
 314.79163  70.69640      -148.45
 321.05854  70.79246        75.64
 318.60872  70.85729        63.96
 311.08598  70.85891      -541.44
 316.12531  70.89045       -34.11
 313.61528  70.89119      -240.44
 322.42295  70.94774        62.05
 309.85160  71.02675      -670.85
 319.96926  71.02820        81.99
 312.41167  71.07696      -344.79
 317.47810  71.07707        39.08
 314.95643  71.09355       -98.81
 321.34690  71.19133        79.23
 311.18113  71.25340      -461.48
 318.84970  71.25607        76.39
 313.75914  71.28779      -178.14
 316.31796  71.28847         0.56
 309.92408  71.42022      -591.00
 320.23975  71.42725        86.66
 312.53369  71.47286      -273.11
 317.69965  71.47575        59.52
 315.12831  71.49119       -52.14
 321.64781  71.59041        79.20
 311.28039  71.64847      -385.28
 319.10119  71.65519        85.39
 313.90926  71.68491      -120.87
 316.51901  71.68694        30.79
 309.99971  71.81430      -515.86
 320.52219  71.82658        87.80
 312.66105  71.86934      -208.33
 317.93100  71.87484        75.26
 315.30777  71.88933       -11.97
 308.69225  71.97005      -664.56
 321.96215  71.98971        75.62
 311.38403  72.04414      -317.15
 319.36394  72.05466        90.22
 314.06607  72.08259       -72.13
 316.72905  72.08588        54.48
 310.07871  72.20901      -448.79
 320.81741  72.22619        85.53
 312.79414  72.26640      -153.54
 318.17283  72.27435        85.49
 315.49536  72.28799        19.66
 308.74572  72.36363      -602.41
 311.49238  72.44043      -259.43
 319.63875  72.45449        91.01
 314.23004  72.48082       -33.61
 316.94874  72.48529        70.93
 321.12634  72.62608        80.64
 312.93337  72.66406      -109.84
 318.42592  72.67427        90.48
 315.69165  72.68717        42.36
 319.92651  72.85466        88.64
 317.17877  72.88518        80.69
 307.38588  72.50769      -774.15
 310.16132  72.60436      -391.17
 308.80166  72.75787      -547.29
 311.60577  72.83735      -212.45
 314.40171  72.87963        -5.22
 307.41425  72.90064      -722.87
 310.24780  73.00038      -342.56
 306.00012  73.03236      -909.65
 313.07921  73.06234       -76.57
 318.69110  73.07460        91.29
 315.89731  73.08689        57.04
 308.86023  73.15280      -498.03
 311.72458  73.23493      -174.99
 320.22819  73.25517        84.35
 314.58166  73.27903        14.39
 317.41994  73.28555        85.06
 307.44397  73.29428      -673.12
 310.33846  73.39708      -301.19
 306.00012  73.42452      -858.77
 313.23215  73.46125       -51.92
 318.96928  73.47535        89.23
 316.11304  73.48715        65.35
 308.92165  73.54843      -452.51
 311.84924  73.63319      -144.86
 314.77053  73.67902        27.21
 317.67310  73.68641        85.58
 304.52487  73.68865     -1039.35
 307.47514  73.68865      -622.64
 310.43361  73.79449      -264.71
 306.00012  73.81741      -802.16
 313.39274  73.86081       -33.63
 319.26149  73.87651        85.48
 316.33963  73.88796        69.08
 308.98613  73.94480      -408.39
 311.98020  74.03213      -119.70
 314.96902  74.07963        35.26
 304.49213  74.08377      -969.03
 307.50787  74.08377      -569.36
 317.93920  74.08774        83.57
 310.53362  74.19262      -230.86
 306.00013  74.21105      -738.18
 313.56161  74.26103       -19.61
 316.57795  74.28932        69.74
 309.05393  74.34192      -363.77
 312.11797  74.43178       -97.54
 304.45770  74.47965      -886.43
 307.54230  74.47965      -511.92
 315.17791  74.48085        40.14
 318.21929  74.48957        79.93
 310.63886  74.59150      -198.02
 306.00013  74.60546      -666.25
 313.73943  74.66193        -8.30
 316.82898  74.69124        68.39
 309.12531  74.73981      -317.62
 312.26312  74.83216       -77.07
 307.57856  74.87632      -450.07
 304.42144  74.87632      -792.37
 315.39808  74.88270        43.01
 310.74980  74.99115      -165.38
 306.00013  75.00067      -587.02
 313.92696  75.06352         1.36
 317.09379  75.09373        65.84
 302.79943  75.13849      -889.72
 309.20058  75.13849      -269.84
 312.41628  75.23329       -57.59
 304.38320  75.27380      -689.18
 307.61681  75.27380      -384.66
 315.63049  75.28519        44.75
 310.86692  75.39158      -132.84
 306.00014  75.39670      -502.39
 314.12505  75.46581        10.09
 302.71993  75.53800      -761.89
 309.28007  75.53800      -221.17
 312.57815  75.63517       -38.77
 307.65722  75.67213      -317.41
 304.34279  75.67213      -580.47
 315.87623  75.68832        46.25
 310.99076  75.79282      -100.72
 301.00924  75.79282      -800.58
 306.00014  75.79358      -415.21
 314.33464  75.86882        18.61
 302.63583  75.93835      -630.26
 309.36417  75.93835      -172.80
 312.74953  76.03783       -20.33
 307.69998  76.07132      -250.58
 304.30002  76.07132      -470.74
 292.49503  76.10157     -1016.21
 306.00014  76.19133      -328.87
 311.12195  76.19489       -69.45
 300.87805  76.19489      -650.55
 314.55679  76.27255        27.84
 309.45330  76.33956      -126.10
 302.54670  76.33956      -500.96
 312.93130  76.44128        -1.91
 299.06870  76.44128      -646.46
 307.74533  76.47139      -186.59
 304.25468  76.47139      -364.85
 295.58732  76.49651      -759.83
 292.12454  76.50568      -846.02
 306.00015  76.58997      -246.97
 311.26118  76.59780       -39.43
 300.73882  76.59780      -507.95
 297.20731  76.67701      -627.85
 293.68296  76.70922      -727.45
 309.54794  76.74165       -82.39
 302.45206  76.74165      -380.18
 313.12447  76.84553        16.86
 298.87553  76.84553      -499.45
 304.20651  76.87238      -267.64
 307.79349  76.87238      -127.82
 295.29371  76.90157      -606.10
 291.73064  76.91020      -693.55
 306.00015  76.98953      -172.92
 300.59077  77.00158      -379.95
 311.40924  77.00158       -11.05
 296.95629  77.08220      -486.46
 289.73128  77.09896      -660.76
 309.64864  77.14466       -42.95
 302.35137  77.14466      -273.76
 298.66983  77.25060      -373.79
 304.15524  77.27430      -183.54
 307.84476  77.27430       -76.48
 294.98091  77.30726      -479.64
 306.00015  77.39003      -109.85
 300.43300  77.40624      -272.82
 296.68863  77.48813      -372.87
 302.24400  77.54860      -186.69
 298.45031  77.65650      -275.47
 304.10055  77.67719      -116.30
 294.64694  77.71359      -385.15
 300.26450  77.81180      -191.47
 296.40258  77.89481      -291.94
 292.54503  77.92636      -407.46
 294.28956  78.12053      -323.82
 315.48209  60.73857      -400.39
 316.37599  60.88673      -377.00
 313.89717  61.21385      -439.25
 317.70520  62.21699      -358.18
 316.90652  62.46561      -366.60
 317.04819  62.86050      -344.96
 318.33556  63.79944      -334.93
 319.33438  63.94335      -389.10
 318.50461  64.19528      -328.41
 309.95943  64.61124      -535.47
 319.90422  65.13265      -393.93
 308.09954  66.13254      -857.39
 322.75169  66.59832      -479.04
 326.79796  67.75834      -496.22
 328.35185  68.26221      -443.48
 309.41730  68.28775      -945.59
 329.56892  68.36306      -435.32
 330.79270  68.45681      -414.04
 332.47288  68.93470      -329.85
 307.21813  69.77489     -1158.60
 307.26125  70.55272     -1068.92
 337.79050  71.00804       -38.02
 332.74310  71.11141      -139.83
 308.59204  71.18482      -806.70
 334.15287  71.19417      -132.64
 307.30796  71.33284      -948.61
 331.84099  71.41226      -124.59
 308.64108  71.57713      -733.39
 334.71486  71.58239      -123.28
 330.90651  71.70739      -105.29
 333.82779  71.89132      -130.17
 335.30135  71.96968      -118.91
 331.41749  72.10021      -111.29
 307.35876  72.11543      -828.73
 306.00012  72.64090      -957.00
 332.51076  72.88397      -127.27
 333.71063  73.66467      -129.23
 335.35185  73.74974      -130.18
 334.35546  74.05361      -123.22
 336.76184  74.52045      -109.65
 338.50064  74.58824       -89.33
 297.44322  76.27255      -790.06
 294.01641  76.30453      -890.44
 294.16354  80.34989      -379.24
 296.36937  80.52143      -326.44
 333.02599  80.62027      -392.15
 298.66042  80.67721      -276.39
 345.03845  80.82981       -40.85
 338.96155  80.82981      -336.38
 343.58581  81.20533       -28.80
 345.29328  81.49979       203.60
 330.28066  81.53088      -351.13
 303.24758  81.76491      -161.16
 308.75243  81.76491      -119.64
 306.00023  81.86597      -118.99
 317.52875  82.17625      -115.73
 328.01804  82.81098       110.57
 321.66551  82.82449       102.53
 322.58420  83.23728       414.50
