 314.79269  76.67701        15.86
 315.04371  77.08220        26.48
 313.33017  77.25060        10.18
 311.56701  77.40624        -0.99
 315.31138  77.48813        32.79
 309.75601  77.54860        -4.91
 313.54970  77.65650        21.38
 307.89946  77.67719        -3.44
 306.00016  77.79151        -2.79
 311.73551  77.81180        17.99
 315.59743  77.89481        35.37
 302.12926  77.95350       -44.07
 309.87075  77.95350        23.60
 298.21548  78.06323      -177.01
 313.78452  78.06323        27.03
 304.04206  78.08106        13.82
 307.95794  78.08106        34.35
 290.38370  78.12582      -485.83
 306.00016  78.19398        41.86
 311.91589  78.21828        28.64
 300.08411  78.21828       -72.14
 315.90388  78.30222        34.45
 296.09613  78.30222      -250.83
 288.16434  78.31137      -478.95
 292.11158  78.33300      -421.52
 309.99367  78.35937        40.03
 302.00633  78.35937         5.39
 297.96367  78.47081      -137.94
 314.03634  78.47081        27.24
 308.02063  78.48595        55.68
 303.97937  78.48595        50.60
 293.90618  78.52807      -331.88
 306.00017  78.59749        65.62
 299.89051  78.62569       -41.63
 312.10950  78.62569        30.64
 295.76700  78.71036      -228.70
 316.23301  78.71036        29.56
 301.87430  78.76624        26.27
 310.12571  78.76624        43.67
 314.30708  78.87925        21.16
 297.69292  78.87925      -126.75
 303.91200  78.89189        61.64
 308.08801  78.89189        59.62
 306.00017  79.00205        67.71
 299.68214  79.03405       -40.29
 312.31787  79.03405        23.08
 295.41252  79.11923      -230.40
 316.58749  79.11923        19.47
 310.26792  79.17414        33.56
 301.73208  79.17414        19.14
 297.40098  79.28853      -140.41
 314.59903  79.28853         7.23
 303.83937  79.29889        47.32
 308.16063  79.29889        45.48
 318.95101  79.34480        24.33
 306.00018  79.40769        48.09
 312.54278  79.44338         4.14
 299.45723  79.44338       -64.97
 316.97039  79.52878         1.49
 301.57843  79.58309       -13.83
 310.42157  79.58309         8.31
 335.26456  79.68138      -204.87
 314.91479  79.69866       -16.93
 297.08522  79.69866      -174.53
 308.23915  79.70699        12.65
 303.76086  79.70699         9.06
 319.43226  79.75391         1.37
 306.00019  79.81444         7.22
 330.97064  79.83173       -85.39
 312.78633  79.85367       -28.00
 299.21368  79.85367      -110.94
 326.52905  79.92655       -12.01
 317.38531  79.93902       -27.71
 333.65890  79.95893      -169.98
 321.98389  79.96297        -2.91
 301.41189  79.99310       -68.80
 310.58812  79.99310       -33.46
 329.20808  80.08601       -64.70
 315.25745  80.10963       -54.28
 303.67568  80.11621       -51.09
 308.32432  80.11621       -39.44
 324.62327  80.15505       -21.31
 319.95464  80.16345       -34.59
 306.00019  80.22234       -54.11
 331.95563  80.22692      -139.92
 313.05096  80.26495       -75.42
 327.34699  80.32920       -60.32
 317.83647  80.34989       -71.28
 322.62180  80.37094       -47.39
 310.76928  80.40419       -92.29
 301.23072  80.40419      -141.10
 330.15009  80.48456      -122.30
 315.63063  80.52143      -107.35
 303.58295  80.52659      -129.33
 308.41706  80.52659      -109.85
 325.38431  80.56046       -74.92
 320.52366  80.57334       -86.01
 306.00020  80.63141      -134.78
 313.33958  80.67721      -139.62
 328.23798  80.73100      -122.58
 318.32886  80.76134      -131.20
 323.31773  80.77886      -107.40
 310.96711  80.81639      -168.41
 301.03289  80.81639      -226.83
 331.17677  80.88162      -193.10
 316.03865  80.93403      -177.31
 303.48158  80.93814      -222.09
 308.51842  80.93814      -197.09
 326.21555  80.96534      -142.90
 321.14584  80.98348      -153.50
 306.00021  81.04168      -230.36
 298.34436  81.09046      -330.54
 313.65565  81.09046      -220.76
 329.21196  81.13167      -197.55
 318.86843  81.17333      -207.33
 324.07985  81.18660      -181.85
 300.81596  81.22971      -322.74
 311.18404  81.22971      -260.81
 316.48665  81.34740      -263.16
 327.12695  81.36947      -222.79
 321.82896  81.39376      -235.10
 314.00330  81.50468      -316.91
 319.46228  81.58575      -296.84
 324.91796  81.59395      -267.06
 316.98083  81.76149      -361.24
 322.58235  81.80402      -326.03
 320.11902  81.99852      -394.00
 322.63501  72.78890        86.12
 321.44999  73.02624        74.11
 322.99571  73.18875        79.13
 324.56289  73.34196        75.25
 321.78947  73.42664        68.70
 326.15062  73.48565        64.42
 323.37423  73.58875        69.67
 320.54484  73.65602        56.51
 324.98161  73.74124        63.66
 322.14600  73.82728        61.45
 326.61060  73.88388        52.77
 323.77195  73.98886        59.78
 320.87766  74.05718        52.18
 325.42177  74.14050        52.51
 322.52093  74.22812        54.43
 319.56883  74.27808        42.21
 327.09431  74.28195        43.15
 324.19042  74.38905        51.05
 321.22794  74.45865        48.81
 325.88507  74.53969        43.20
 322.91576  74.62916        49.07
 327.60363  74.67977        36.00
 319.89256  74.68004        42.82
 324.63130  74.78929        43.97
 329.34467  74.80904        35.18
 321.59713  74.86040        47.48
 318.51453  74.89187        34.58
 326.37340  74.93877        36.27
 323.33214  75.03034        45.87
 328.14067  75.07730        30.95
 320.23406  75.08237        45.56
 325.09649  75.18953        39.16
 329.93148  75.20461        33.26
 336.49787  75.21323       122.25
 321.98684  75.26241        48.37
 318.82623  75.29464        41.09
 331.74402  75.32045        46.62
 326.88888  75.33766        31.30
 333.57623  75.42457        69.72
 323.77192  75.43164        44.39
 328.70773  75.47444        26.96
 320.59486  75.48507        50.12
 317.37357  75.49677        30.82
 335.42588  75.51677        95.09
 325.58806  75.58971        36.13
 337.29050  75.59684       109.93
 330.55126  75.59957        30.72
 322.39886  75.66465        50.76
 319.15584  75.69788        48.63
 332.41742  75.71280        44.41
 327.43381  75.73630        27.35
 334.30391  75.81386        64.77
 324.23714  75.83300        44.34
 329.30741  75.87110        22.59
 320.97668  75.88811        55.67
 317.66967  75.90038        40.96
 336.20824  75.90255        82.68
 326.10835  75.98977        33.95
 331.20683  75.99380        25.56
 322.83517  76.06708        53.65
 316.13650  76.09209        25.07
 319.50498  76.10157        56.09
 333.12978  76.10413        36.64
 328.01081  76.13460        23.16
 335.07371  76.20184        50.96
 324.73010  76.23437        44.79
 329.94256  76.26717        16.20
 337.03580  76.28668        58.40
 321.38144  76.29147        60.83
 317.98360  76.30453        49.78
 331.90132  76.38717        15.91
 326.65993  76.38963        31.56
 323.29804  76.46965        56.48
 333.88450  76.49430        21.42
 316.41268  76.49651        35.90
 319.87547  76.50568        62.55
 328.62276  76.53246        17.45
 335.88924  76.58830        26.75
 325.25338  76.63569        44.85
 330.61638  76.66254         6.33
 321.81131  76.69509        64.98
 318.31705  76.70922        56.46
 332.63820  76.77952         0.28
 327.24571  76.78920        27.93
 323.78996  76.87231        58.58
 334.68533  76.88311        -2.47
 316.70630  76.90157        43.45
 320.26936  76.91020        66.88
 329.27290  76.92978         9.06
 336.75450  76.97304        -8.61
 325.80984  77.03689        43.73
 331.33243  77.05705        -8.20
 322.26872  77.09896        67.95
 318.67193  77.11444        60.80
 333.42137  77.17068       -22.28
 327.86896  77.18839        22.11
 335.53643  77.27036       -35.61
 324.31378  77.27500        59.42
 317.01910  77.30726        47.79
 320.68899  77.31509        69.49
 329.96488  77.32641        -3.01
 337.67393  77.35580       -55.30
 326.40275  77.43786        40.69
 332.09472  77.45055       -28.22
 322.75643  77.50300        69.55
 319.05041  77.52016        62.42
 334.25516  77.56045       -52.31
 328.53334  77.58708        13.24
 336.44245  77.65580       -78.21
 324.87272  77.67765        58.44
 317.35306  77.71359        49.34
 321.13697  77.72031        70.61
 330.70275  77.72221       -19.57
 327.03578  77.83852        34.87
 332.90771  77.84284       -54.32
 323.27755  77.90716        69.40
 319.45497  77.92636        62.36
 335.14440  77.94860       -90.12
 329.24299  77.98512         0.36
 337.40856  78.03916      -130.56
 325.47040  78.08015        54.78
 331.49114  78.11699       -41.42
 317.71044  78.12053        48.27
 321.61631  78.12582        70.02
 333.77644  78.23370       -87.06
 327.71309  78.23872        25.15
 323.83566  78.31137        66.59
 319.88842  78.33300        60.49
 336.09454  78.33486      -136.27
 330.00260  78.38236       -17.59
 338.44055  78.42013      -193.58
 326.11097  78.48241        47.08
 332.33522  78.51056       -69.45
 318.09383  78.52807        44.83
 322.13043  78.53156        66.73
 334.70658  78.62289      -127.30
 328.43943  78.63833        10.08
 324.43483  78.71554        59.48
 337.11166  78.71893      -191.90
 320.35400  78.74005        55.66
 330.81750  78.77860       -41.94
 326.79917  78.88429        33.47
 333.24089  78.90268      -104.87
 318.50620  78.93617        37.70
 322.68328  78.93744        58.79
 335.70451  79.01010      -176.45
 329.22019  79.03718       -12.10
 338.20259  79.10045      -259.08
 325.07971  79.11954        45.77
 320.85544  79.14744        45.60
 331.69374  79.17362       -74.25
 327.54042  79.28564        11.73
 334.21480  79.29306      -149.31
 323.27939  79.34340        43.45
 336.77747  79.39500      -236.66
 330.06156  79.43506       -43.31
 339.37503  79.47901      -340.93
 325.77571  79.52327        22.77
 321.39706  79.55511        27.19
 332.63824  79.56717      -116.29
 328.34099  79.68629       -20.38
 323.92401  79.74931        17.64
 325.30684  67.24633      -322.06
 324.44580  67.52113      -238.25
 325.61790  67.64303      -254.91
 324.74629  67.91816      -178.05
 325.94004  68.03965      -196.63
 327.14205  68.15437      -215.78
 323.85042  68.18731      -111.77
 325.05764  68.31516      -125.57
 326.27390  68.43617      -146.69
 324.15022  68.58463       -67.04
 328.73163  68.65721      -185.46
 325.38048  68.71211       -80.82
 329.97202  68.75703      -183.09
 326.62016  68.83257      -104.24
 323.21729  68.84783       -28.85
 331.21932  68.84956      -155.74
 327.86873  68.94589      -129.39
 324.46125  68.98197       -28.68
 333.73202  69.01237       -35.14
 329.12564  69.05194      -144.97
 322.25839  69.10451       -14.04
 325.71551  69.10901       -43.44
 330.39029  69.15062      -140.37
 326.97956  69.22884       -68.35
 331.66203  69.24182      -109.71
 323.51568  69.24548         3.30
 332.94016  69.32544       -56.62
 328.25283  69.34133       -93.38
 324.78420  69.37930         3.33
 334.22396  69.40137         5.65
 329.53474  69.44635      -106.36
 322.54329  69.50241        13.33
 326.06345  69.50583       -12.85
 330.82462  69.54380       -97.55
 327.35288  69.62495       -38.19
 332.12178  69.63356       -63.05
 323.82567  69.64319        30.87
 333.42546  69.71553       -10.89
 328.65189  69.73652       -61.19
 325.11979  69.77662        29.19
 334.73488  69.78961        45.02
 329.95983  69.84041       -69.73
 336.04920  69.85571        87.44
 322.83942  69.90042        38.39
 326.42509  69.90256        11.55
 331.27598  69.93652       -55.20
 327.74100  70.02087       -13.13
 324.14799  70.04095        53.63
 329.06683  70.13142       -32.66
 325.46881  70.17392        49.19
 335.26589  70.17702        80.95
 330.40190  70.23408       -35.58
 323.14750  70.29855        60.25
 326.80131  70.29918        30.30
 328.14482  70.41659         7.17
 324.48341  70.43875        71.33
 329.49865  70.52601        -7.96
 325.83212  70.57116        63.57
 327.19301  70.69565        43.79
 323.46829  70.69678        77.97
 328.56536  70.81205        22.92
 324.83278  70.83657        83.77
 329.94840  70.92023        12.63
 326.21065  70.96834        72.56
 331.34128  71.02006        21.10
 327.60122  71.09194        52.37
 323.80264  71.09510        90.71
 329.00371  71.20722        34.33
 325.19702  71.23438        90.79
 330.41727  71.31405        28.94
 322.74116  71.34648        86.42
 326.60540  71.36541        76.47
 328.02702  71.48802        56.54
 324.15146  71.49349        97.87
 329.46103  71.60207        41.61
 325.57715  71.63217        92.50
 323.07335  71.74537        95.07
 327.01747  71.76235        75.83
 328.47160  71.88385        56.85
 324.51573  71.89193        99.31
 329.93861  71.99653        45.98
 325.97424  72.02991        89.36
 323.42050  72.14438        97.40
 327.44805  72.15912        71.51
 332.90714  72.19476        75.62
 328.93625  72.27939        54.46
 324.89654  72.29040        95.45
 322.29087  72.38921        88.60
 330.43784  72.39054        48.87
 326.38949  72.42756        82.31
 331.95170  72.49243        60.72
 323.78368  72.54350        93.94
 327.89844  72.55567        64.37
 329.42239  72.67456        51.24
 325.29508  72.68886        87.34
 330.96023  72.78405        51.91
 326.82420  72.82509        72.66
 324.16405  72.94271        85.97
 328.37005  72.95197        56.44
 329.93154  73.06933        48.83
 325.71263  73.08729        76.49
 331.50744  73.17698        56.56
 327.27979  73.22244        61.61
 328.86445  73.34795        49.52
 330.46540  73.46361        48.58
 327.75783  73.61958        51.50
 329.38334  73.74354        44.87
 331.02579  73.85732        51.19
 332.68371  73.96074        73.02
 328.26004  74.01644        43.54
 329.92858  74.13867        43.06
 331.61474  74.25039        56.36
 333.31689  74.35137        83.43
 328.78829  74.41295        38.22
 335.03324  74.44145       117.39
 330.50222  74.53327        43.72
 332.23447  74.64269        62.75
 333.98321  74.74101        92.58
 335.74645  74.82804       123.78
 337.52207  74.90361       141.71
 331.10654  74.92723        45.59
 332.88740  75.03413        68.12
 334.68525  75.12953        97.50
 315.96282  62.31418      -231.68
 315.14048  62.55148      -225.40
 316.09111  62.70828      -219.39
 315.25881  62.94481      -195.19
 316.22294  63.10249      -190.54
 317.19380  63.25548      -227.50
 315.38044  63.33827      -152.67
 316.35848  63.49682      -151.32
 317.34355  63.65057      -193.55
 316.49791  63.89129      -108.26
 317.49764  64.04578      -156.47
 316.64142  64.28591       -67.45
 317.65628  64.44113      -121.74
 315.76673  64.51962       -15.89
 318.67871  64.59123      -216.33
 316.78921  64.68069       -33.87
 317.81970  64.83662       -93.40
 315.90323  64.91376        14.12
 318.85809  64.98730      -188.35
 316.94149  65.07565       -10.91
 317.98814  65.23226       -73.78
 316.04392  65.30811        30.34
 319.04304  65.38350      -166.07
 317.09850  65.47079        -0.20
 318.16186  65.62807       -63.46
 321.17687  65.66950      -383.32
 316.18901  65.70268        31.75
 319.23384  65.77985      -149.43
 317.26048  65.86614        -1.60
 320.31425  65.92602      -244.79
 318.34114  66.02406       -61.55
 321.40288  66.06650      -335.37
 316.33874  66.09748        19.06
 319.43079  66.17634      -137.30
 317.42770  66.26169       -13.51
 320.52926  66.32288      -216.46
 323.60385  66.32994      -459.20
 318.52626  66.42023       -66.05
 324.71564  66.45271      -483.09
 321.63631  66.46358      -287.68
 316.49336  66.49253        -5.43
 319.63423  66.57299      -127.92
 317.60042  66.65747       -33.16
 320.75142  66.71986      -188.64
 323.87511  66.72702      -379.78
 318.71754  66.81660       -74.31
 325.00627  66.84955      -398.23
 321.87756  66.86074      -240.34
 319.84451  66.96981      -119.37
 323.01239  66.99552      -279.30
 317.77897  67.05348       -57.05
 320.98111  67.11697      -160.55
 324.15560  67.12408      -305.77
 318.91533  67.21317       -83.49
 322.12706  67.25799      -193.69
 320.06201  67.36679      -109.96
 323.28207  67.39275      -218.72
 317.96364  67.44974       -81.41
 321.21875  67.51422      -131.80
 319.11999  67.60996       -90.89
 322.38526  67.65533      -148.40
 320.28713  67.76395       -98.37
 323.56123  67.79002      -162.56
 321.46480  67.91159      -102.37
 319.33191  68.00696       -94.23
 322.65268  68.05275      -105.30
 320.52032  68.16129       -83.77
 321.71973  68.30910       -72.57
 322.92983  68.45025       -65.21
 320.76203  68.55881       -65.85
 321.98408  68.70674       -42.91
 312.99628  61.05139      -232.90
 315.59769  61.13238      -128.69
 316.50352  61.28138      -148.09
 314.80384  61.37215      -190.83
 313.08158  61.44229      -289.88
 315.71626  61.52624      -188.36
 313.99434  61.60585      -250.76
 312.25049  61.66436      -393.89
 316.63435  61.67606      -211.45
 314.91313  61.76517      -226.73
 317.55806  61.82154      -275.12
 313.16909  61.83330      -319.96
 315.83792  61.92017      -222.40
 314.09404  61.99796      -268.36
 312.32804  62.05430      -413.08
 316.76863  62.07080      -248.57
 315.02530  62.15827      -237.41
 313.25889  62.22442      -323.92
 311.47116  62.26865      -542.44
 314.19639  62.39017      -261.71
 312.40764  62.44437      -406.04
 313.35110  62.61568      -304.73
 314.30151  62.78251      -234.62
 311.54025  62.65760      -524.36
 312.48938  62.83459      -376.82
 310.65674  62.86393      -680.56
 313.44583  63.00708      -267.20
 311.61121  63.04672      -484.79
 314.40953  63.17500      -192.50
 312.57337  63.22499      -331.02
 310.71660  63.25186      -627.66
 313.54318  63.39866      -217.40
 311.68414  63.43603      -430.11
 314.52059  63.56765      -141.75
 312.65972  63.61557      -275.28
 310.77814  63.64001      -560.97
 315.50552  63.73189      -104.40
 313.64330  63.79041      -162.05
 311.75913  63.82555      -367.48
 314.63483  63.96047       -89.08
 312.74853  64.00636      -216.57
 310.84143  64.02837      -488.17
 315.63423  64.12566       -56.88
 313.74631  64.18236      -107.88
 311.83627  64.21529      -304.11
 314.75240  64.35348       -40.82
 312.83993  64.39737      -161.58
 310.90654  64.41698      -416.73
 313.85235  64.57453       -60.99
 311.91567  64.60527      -246.70
 314.87348  64.74669        -2.35
 312.93403  64.78861      -116.21
 310.97358  64.80585      -353.37
 313.96158  64.96693       -26.39
 311.99745  64.99550      -200.95
 314.99824  65.14013        22.36
 313.03099  65.18011       -85.09
 311.04264  65.19499      -303.58
 314.07415  65.35957        -7.57
 312.08172  65.38601      -171.14
 310.06969  65.38687      -405.91
 315.12686  65.53379        31.03
 313.13094  65.57187       -71.28
 311.11381  65.58443      -271.27
 314.19024  65.75247        -6.31
 310.12737  65.77513      -366.24
 312.16861  65.77681      -159.82
 315.25955  65.92771        23.18
 309.12255  65.95791      -432.78
 313.23404  65.96392       -76.00
 311.18722  65.97417      -258.50
 314.31004  66.14564       -22.52
 312.25826  66.16792      -167.67
 315.39652  66.32188         0.13
 313.34045  66.35627       -98.56
 311.26297  66.36425      -265.35
 314.43373  66.53911       -54.28
 312.35082  66.55935      -193.34
 315.53800  66.71633       -35.20
 313.45036  66.74893      -136.37
 311.34119  66.75466      -289.85
 316.65312  66.88783       -38.24
 314.56154  66.93288       -97.95
 310.31172  66.94197      -366.59
 312.44643  66.95112      -233.56
 315.68423  67.11108       -78.55
 313.56395  67.14193      -185.09
 311.42202  67.14544      -328.15
 316.81833  67.28340       -75.02
 314.69368  67.32697      -148.53
 310.37728  67.33165      -398.51
 312.54528  67.34325      -283.35
 315.83550  67.50612      -124.74
 313.68143  67.53528      -239.01
 311.50561  67.53660      -374.79
 316.98927  67.67925      -111.06
 314.83040  67.72140      -200.09
 310.44509  67.72174      -438.15
 312.64754  67.73575      -336.48
 318.15481  67.84624      -102.52
 315.99206  67.90148      -168.24
 311.59209  67.92815      -423.26
 313.80302  67.92899      -291.64
 317.16627  68.07539      -141.76
 310.51527  68.11223      -479.05
 314.97197  68.11617      -246.46
 312.75340  68.12865      -386.12
 318.35283  68.24301      -117.20
 316.15425  68.29716      -203.75
 311.68165  68.32012      -466.73
 313.92895  68.32308      -336.42
 319.55151  68.40419       -91.85
 310.58795  68.50317      -514.73
 310.66330  68.89455      -539.51
 317.34970  68.47183      -163.19
 315.11866  68.51131      -281.92
 312.86308  68.52195      -425.67
 318.55811  68.64004      -123.08
 316.32237  68.69319      -226.88
 311.77446  68.71252      -498.92
 314.05949  68.71756      -367.58
 319.77924  68.80165       -82.85
 317.53993  68.86859      -172.53
 315.27077  68.90682      -302.00
 312.97679  68.91567      -449.66
 321.01278  68.95652       -44.78
 318.77109  69.03735      -118.88
 316.49680  69.08957      -234.76
 311.87072  69.10537      -514.94
 314.19489  69.11245      -380.96
 320.01560  69.19934       -67.19
 317.73737  69.26566      -168.49
 310.74147  69.28641      -549.30
 315.42865  69.30272      -304.16
 313.09480  69.30983      -454.57
 321.27312  69.35441       -21.19
 318.99223  69.43495      -104.65
 316.67791  69.48631      -226.46
 311.97063  69.49869      -512.12
 314.33548  69.50777      -374.68
 320.26111  69.59727       -45.73
 317.94246  69.66306      -151.54
 310.82262  69.67875      -542.25
 315.59264  69.69902      -288.19
 313.21735  69.70445      -439.39
 321.54364  69.75248         3.82
 319.22205  69.83282       -81.76
 316.86612  69.88342      -203.18
 312.07442  69.89249      -490.35
 314.48156  69.90352      -349.47
 320.51635  69.99543       -20.15
 318.15570  70.06080      -123.83
 310.90695  70.07161      -519.00
 315.76313  70.09573      -256.27
 313.34473  70.09954      -405.84
 321.82498  70.15073        28.80
 319.46108  70.23099       -52.71
 309.71528  70.24154      -517.20
 317.06189  70.28091      -168.09
 312.18235  70.28679      -452.14
 314.63348  70.29973      -308.55
 320.78193  70.39383         7.21
 318.37760  70.45887       -88.91
 310.99466  70.46499      -482.49
 315.94054  70.49287      -212.64
 313.47727  70.49511      -358.02
 322.11783  70.54915        52.02
 319.70994  70.62945       -20.86
 309.78206  70.63386      -490.72
 317.26570  70.67879      -125.81
 312.29467  70.68160      -402.15
 314.79163  70.69640      -257.11
 321.05854  70.79246        33.71
 318.60872  70.85729       -51.13
 311.08598  70.85891      -437.38
 316.12531  70.89045      -162.86
 313.61528  70.89119      -301.74
 322.42295  70.94774        71.73
 309.85160  71.02675      -459.13
 319.96926  71.02820        10.21
 312.41167  71.07696      -346.29
 317.47810  71.07707       -81.59
 314.95643  71.09355      -201.35
 321.34690  71.19133        56.75
 311.18113  71.25340      -389.12
 318.84970  71.25607       -14.92
 313.75914  71.28779      -243.41
 316.31796  71.28847      -112.81
 309.92408  71.42022      -426.78
 320.23975  71.42725        37.18
 312.53369  71.47286      -290.63
 317.69965  71.47575       -40.44
 315.12831  71.49119      -147.41
 321.64781  71.59041        74.23
 311.28039  71.64847      -342.84
 319.10119  71.65519        15.94
 313.90926  71.68491      -188.91
 316.51901  71.68694       -67.72
 309.99971  71.81430      -397.38
 320.52219  71.82658        57.61
 312.66105  71.86934      -240.28
 317.93100  71.87484        -6.24
 315.30777  71.88933      -100.26
 308.69225  71.97005      -448.87
 321.96215  71.98971        84.91
 311.38403  72.04414      -302.45
 319.36394  72.05466        38.98
 314.06607  72.08259      -142.57
 316.72905  72.08588       -31.22
 310.07871  72.20901      -373.19
 320.81741  72.22619        70.28
 312.79414  72.26640      -198.56
 318.17283  72.27435        18.79
 315.49536  72.28799       -62.98
 308.74572  72.36363      -446.83
 311.49238  72.44043      -269.88
 319.63875  72.45449        53.30
 314.23004  72.48082      -106.58
 316.94874  72.48529        -4.93
 321.12634  72.62608        75.34
 312.93337  72.66406      -166.53
 318.42592  72.67427        34.38
 315.69165  72.68717       -36.37
 319.92651  72.85466        59.61
 317.17877  72.88518        11.58
 307.38588  72.50769      -514.84
 310.16132  72.60436      -354.62
 308.80166  72.75787      -446.80
 311.60577  72.83735      -244.97
 314.40171  72.87963       -80.82
 307.41425  72.90064      -536.97
 310.24780  73.00038      -340.21
 306.00012  73.03236      -613.87
 313.07921  73.06234      -143.13
 318.69110  73.07460        41.89
 315.89731  73.08689       -19.18
 308.86023  73.15280      -446.10
 311.72458  73.23493      -225.75
 320.22819  73.25517        59.83
 314.58166  73.27903       -63.30
 317.41994  73.28555        20.42
 307.44397  73.29428      -552.59
 310.33846  73.39708      -327.17
 306.00012  73.42452      -647.52
 313.23215  73.46125      -125.74
 318.96928  73.47535        43.84
 316.11304  73.48715        -8.76
 308.92165  73.54843      -441.21
 311.84924  73.63319      -209.13
 314.77053  73.67902       -50.95
 317.67310  73.68641        24.53
 304.52487  73.68865      -746.45
 307.47514  73.68865      -557.58
 310.43361  73.79449      -312.10
 306.00012  73.81741      -663.78
 313.39274  73.86081      -111.10
 319.26149  73.87651        43.10
 316.33963  73.88796        -1.90
 308.98613  73.94480      -428.56
 311.98020  74.03213      -191.87
 314.96902  74.07963       -40.57
 304.49213  74.08377      -765.45
 307.50787  74.08377      -548.32
 317.93920  74.08774        26.91
 310.53362  74.19262      -291.96
 306.00013  74.21105      -659.05
 313.56161  74.26103       -96.27
 316.57795  74.28932         4.27
 309.05393  74.34192      -405.43
 312.11797  74.43178      -171.47
 304.45770  74.47965      -755.26
 307.54230  74.47965      -522.48
 315.17791  74.48085       -29.69
 318.21929  74.48957        29.87
 310.63886  74.59150      -264.82
 306.00013  74.60546      -631.45
 313.73943  74.66193       -79.35
 316.82898  74.69124        11.59
 309.12531  74.73981      -370.58
 312.26312  74.83216      -146.78
 307.57856  74.87632      -479.60
 304.42144  74.87632      -715.39
 315.39808  74.88270       -17.09
 310.74980  74.99115      -230.38
 306.00013  75.00067      -581.30
 313.92696  75.06352       -59.90
 317.09379  75.09373        20.63
 302.79943  75.13849      -768.72
 309.20058  75.13849      -324.66
 312.41628  75.23329      -118.22
 304.38320  75.27380      -648.10
 307.61681  75.27380      -421.29
 315.63049  75.28519        -2.91
 310.86692  75.39158      -190.02
 306.00014  75.39670      -511.28
 314.12505  75.46581       -38.83
 302.71993  75.53800      -684.84
 309.28007  75.53800      -270.06
 312.57815  75.63517       -87.52
 307.65722  75.67213      -351.12
 304.34279  75.67213      -558.31
 315.87623  75.68832        11.68
 310.99076  75.79282      -146.40
 301.00924  75.79282      -695.71
 306.00014  75.79358      -426.16
 314.33464  75.86882       -17.92
 302.63583  75.93835      -578.15
 309.36417  75.93835      -210.51
 312.74953  76.03783       -57.16
 307.69998  76.07132      -274.03
 304.30002  76.07132      -453.14
 292.49503  76.10157      -819.37
 306.00014  76.19133      -332.24
 311.12195  76.19489      -102.83
 300.87805  76.19489      -578.63
 314.55679  76.27255         0.83
 309.45330  76.33956      -150.39
 302.54670  76.33956      -458.17
 312.93130  76.44128       -29.64
 299.06870  76.44128      -572.79
 307.74533  76.47139      -195.66
 304.25468  76.47139      -341.07
 295.58732  76.49651      -681.64
 292.12454  76.50568      -751.63
 306.00015  76.58997      -236.55
 311.26118  76.59780       -62.54
 300.73882  76.59780      -452.63
 297.20731  76.67701      -572.75
 293.68296  76.70922      -682.70
 309.54794  76.74165       -93.91
 302.45206  76.74165      -335.32
 313.12447  76.84553        -6.87
 298.87553  76.84553      -451.13
 304.20651  76.87238      -230.90
 307.79349  76.87238      -121.47
 295.29371  76.90157      -583.51
 291.73064  76.91020      -671.38
 306.00015  76.98953      -145.96
 300.59077  77.00158      -329.52
 311.40924  77.00158       -28.07
 296.95629  77.08220      -464.37
 289.73128  77.09896      -634.96
 309.64864  77.14466       -44.58
 302.35137  77.14466      -219.82
 298.66983  77.25060      -338.54
 304.15524  77.27430      -130.83
 307.84476  77.27430       -56.19
 294.98091  77.30726      -493.34
 306.00015  77.39003       -66.47
 300.43300  77.40624      -219.96
 296.68863  77.48813      -370.14
 302.24400  77.54860      -120.52
 298.45031  77.65650      -244.93
 304.10055  77.67719       -47.62
 294.64694  77.71359      -419.01
 300.26450  77.81180      -132.36
 296.40258  77.89481      -297.97
 292.54503  77.92636      -461.58
 294.28956  78.12053      -363.51
 315.48209  60.73857       -44.91
 316.37599  60.88673       -59.66
 313.89717  61.21385      -207.14
 317.70520  62.21699      -318.13
 316.90652  62.46561      -260.86
 317.04819  62.86050      -252.04
 318.33556  63.79944      -281.79
 319.33438  63.94335      -411.69
 318.50461  64.19528      -248.53
 309.95943  64.61124      -538.63
 319.90422  65.13265      -306.69
 308.09954  66.13254      -447.52
 322.75169  66.59832      -343.18
 326.79796  67.75834      -268.65
 328.35185  68.26221      -228.49
 309.41730  68.28775      -483.99
 329.56892  68.36306      -225.48
 330.79270  68.45681      -199.09
 332.47288  68.93470      -102.68
 307.21813  69.77489      -358.15
 307.26125  70.55272      -400.62
 337.79050  71.00804       144.29
 332.74310  71.11141        49.24
 308.59204  71.18482      -462.30
 334.15287  71.19417        90.00
 307.30796  71.33284      -442.18
 331.84099  71.41226        42.72
 308.64108  71.57713      -454.17
 334.71486  71.58239       114.79
 330.90651  71.70739        41.58
 333.82779  71.89132        94.89
 335.30135  71.96968       134.45
 331.41749  72.10021        51.68
 307.35876  72.11543      -489.99
 306.00012  72.64090      -567.37
 332.51076  72.88397        70.19
 333.71063  73.66467        93.46
 335.35185  73.74974       129.69
 334.35546  74.05361       106.29
 336.76184  74.52045       145.10
 338.50064  74.58824       150.27
 297.44322  76.27255      -684.20
 294.01641  76.30453      -766.56
 294.16354  80.34989      -326.89
 296.36937  80.52143      -283.03
 333.02599  80.62027      -207.89
 298.66042  80.67721      -247.68
 345.03845  80.82981      -878.59
 338.96155  80.82981      -463.44
 343.58581  81.20533      -803.60
 345.29328  81.49979      -979.51
 330.28066  81.53088      -282.15
 303.24758  81.76491      -439.69
 308.75243  81.76491      -412.95
 306.00023  81.86597      -456.37
 317.52875  82.17625      -465.16
 328.01804  82.81098      -515.05
 321.66551  82.82449      -575.85
 322.58420  83.23728      -638.67
