 314.79269  76.67701        68.00
 315.04371  77.08220        79.16
 313.33017  77.25060        76.68
 311.56701  77.40624        64.87
 315.31138  77.48813        87.26
 309.75601  77.54860        43.50
 313.54970  77.65650        90.74
 307.89946  77.67719        13.08
 306.00016  77.79151       -25.18
 311.73551  77.81180        85.64
 315.59743  77.89481        91.85
 302.12926  77.95350      -122.48
 309.87075  77.95350        71.02
 298.21548  78.06323      -219.38
 313.78452  78.06323        98.68
 304.04206  78.08106       -48.19
 307.95794  78.08106        46.51
 290.38370  78.12582      -281.36
 306.00016  78.19398        12.54
 311.91589  78.21828        97.21
 300.08411  78.21828      -148.45
 315.90388  78.30222        91.61
 296.09613  78.30222      -234.69
 288.16434  78.31137      -259.68
 292.11158  78.33300      -269.73
 309.99367  78.35937        85.84
 302.00633  78.35937       -79.49
 297.96367  78.47081      -180.05
 314.03634  78.47081        99.51
 308.02063  78.48595        63.57
 303.97937  78.48595       -18.45
 293.90618  78.52807      -246.17
 306.00017  78.59749        30.35
 299.89051  78.62569      -120.74
 312.10950  78.62569        98.48
 295.76700  78.71036      -211.74
 316.23301  78.71036        84.68
 301.87430  78.76624       -63.33
 310.12571  78.76624        86.88
 314.30708  78.87925        91.04
 297.69292  78.87925      -169.08
 303.91200  78.89189       -12.66
 308.08801  78.89189        63.33
 306.00017  79.00205        27.66
 299.68214  79.03405      -121.39
 312.31787  79.03405        88.08
 295.41252  79.11923      -215.86
 316.58749  79.11923        69.60
 310.26792  79.17414        73.14
 301.73208  79.17414       -73.38
 297.40098  79.28853      -183.81
 314.59903  79.28853        71.55
 303.83937  79.29889       -30.21
 308.16063  79.29889        45.35
 318.95101  79.34480        40.95
 306.00018  79.40769         4.81
 312.54278  79.44338        63.89
 299.45723  79.44338      -146.59
 316.97039  79.52878        44.02
 301.57843  79.58309      -107.16
 310.42157  79.58309        43.77
 335.26456  79.68138      -217.26
 314.91479  79.69866        39.90
 297.08522  79.69866      -219.59
 308.23915  79.70699         9.79
 303.76086  79.70699       -69.06
 319.43226  79.75391         9.62
 306.00019  79.81444       -36.83
 330.97064  79.83173      -118.52
 312.78633  79.85367        25.58
 299.21368  79.85367      -191.15
 326.52905  79.92655       -67.35
 317.38531  79.93902         6.25
 333.65890  79.95893      -184.87
 321.98389  79.96297       -29.07
 301.41189  79.99310      -158.82
 310.58812  79.99310        -1.44
 329.20808  80.08601      -112.03
 315.25745  80.10963        -4.78
 303.67568  80.11621      -125.68
 308.32432  80.11621       -42.23
 324.62327  80.15505       -70.21
 319.95464  80.16345       -33.77
 306.00019  80.22234       -94.69
 331.95563  80.22692      -165.94
 313.05096  80.26495       -26.23
 327.34699  80.32920      -113.07
 317.83647  80.34989       -43.86
 322.62180  80.37094       -76.88
 310.76928  80.40419       -60.16
 301.23072  80.40419      -222.06
 330.15009  80.48456      -158.97
 315.63063  80.52143       -61.67
 303.58295  80.52659      -192.92
 308.41706  80.52659      -107.02
 325.38431  80.56046      -120.05
 320.52366  80.57334       -87.74
 306.00020  80.63141      -164.75
 313.33958  80.67721       -89.54
 328.23798  80.73100      -161.77
 318.32886  80.76134      -104.03
 323.31773  80.77886      -131.81
 310.96711  80.81639      -128.93
 301.03289  80.81639      -289.90
 331.17677  80.88162      -203.65
 316.03865  80.93403      -127.55
 303.48158  80.93814      -264.53
 308.51842  80.93814      -179.54
 326.21555  80.96534      -171.95
 321.14584  80.98348      -147.98
 306.00021  81.04168      -238.57
 298.34436  81.09046      -370.01
 313.65565  81.09046      -160.09
 329.21196  81.13167      -206.71
 318.86843  81.17333      -169.13
 324.07985  81.18660      -187.50
 300.81596  81.22971      -354.84
 311.18404  81.22971      -202.47
 316.48665  81.34740      -196.47
 327.12695  81.36947      -218.18
 321.82896  81.39376      -207.31
 314.00330  81.50468      -231.19
 319.46228  81.58575      -231.26
 324.91796  81.59395      -235.30
 316.98083  81.76149      -259.94
 322.58235  81.80402      -256.24
 320.11902  81.99852      -280.28
 322.63501  72.78890        35.22
 321.44999  73.02624        53.79
 322.99571  73.18875        23.09
 324.56289  73.34196        -2.18
 321.78947  73.42664        41.16
 326.15062  73.48565       -16.01
 323.37423  73.58875        11.62
 320.54484  73.65602        59.22
 324.98161  73.74124        -9.56
 322.14600  73.82728        28.72
 326.61060  73.88388       -17.01
 323.77195  73.98886         2.08
 320.87766  74.05718        46.74
 325.42177  74.14050       -13.63
 322.52093  74.22812        17.76
 319.56883  74.27808        62.11
 327.09431  74.28195       -14.01
 324.19042  74.38905        -4.66
 321.22794  74.45865        35.32
 325.88507  74.53969       -13.93
 322.91576  74.62916         9.11
 327.60363  74.67977        -7.11
 319.89256  74.68004        51.56
 324.63130  74.78929        -8.11
 329.34467  74.80904        14.59
 321.59713  74.86040        25.77
 318.51453  74.89187        62.46
 326.37340  74.93877       -10.62
 323.33214  75.03034         3.13
 328.14067  75.07730         2.87
 320.23406  75.08237        42.56
 325.09649  75.18953        -8.32
 329.93148  75.20461        28.89
 336.49787  75.21323        65.39
 321.98684  75.26241        18.44
 318.82623  75.29464        55.92
 331.74402  75.32045        58.69
 326.88888  75.33766        -4.32
 333.57623  75.42457        78.50
 323.77192  75.43164        -0.06
 328.70773  75.47444        14.35
 320.59486  75.48507        35.36
 317.37357  75.49677        61.97
 335.42588  75.51677        71.48
 325.58806  75.58971        -5.67
 337.29050  75.59684        21.26
 330.55126  75.59957        41.45
 322.39886  75.66465        13.37
 319.15584  75.69788        50.76
 332.41742  75.71280        65.17
 327.43381  75.73630         3.82
 334.30391  75.81386        69.35
 324.23714  75.83300        -0.56
 329.30741  75.87110        25.07
 320.97668  75.88811        30.01
 317.66967  75.90038        61.13
 336.20824  75.90255        36.59
 326.10835  75.98977        -0.88
 331.20683  75.99380        48.78
 322.83517  76.06708        10.61
 316.13650  76.09209        63.15
 319.50498  76.10157        46.87
 333.12978  76.10413        60.40
 328.01081  76.13460        12.16
 335.07371  76.20184        42.51
 324.73010  76.23437         1.26
 329.94256  76.26717        32.26
 337.03580  76.28668       -21.15
 321.38144  76.29147        26.37
 317.98360  76.30453        60.80
 331.90132  76.38717        47.18
 326.65993  76.38963         4.94
 323.29804  76.46965        10.17
 333.88450  76.49430        40.56
 316.41268  76.49651        68.68
 319.87547  76.50568        44.23
 328.62276  76.53246        18.59
 335.88924  76.58830        -4.74
 325.25338  76.63569         4.72
 330.61638  76.66254        32.88
 321.81131  76.69509        24.63
 318.31705  76.70922        60.79
 332.63820  76.77952        33.35
 327.24571  76.78920        10.23
 323.78996  76.87231        11.65
 334.68533  76.88311         3.16
 316.70630  76.90157        73.27
 320.26936  76.91020        42.50
 329.27290  76.92978        20.62
 336.75450  76.97304       -72.80
 325.80984  77.03689         8.67
 331.33243  77.05705        24.05
 322.26872  77.09896        24.69
 318.67193  77.11444        61.03
 333.42137  77.17068         4.97
 327.86896  77.18839        12.94
 335.53643  77.27036       -52.34
 324.31378  77.27500        14.15
 317.01910  77.30726        76.69
 320.68899  77.31509        41.89
 329.96488  77.32641        15.69
 337.67393  77.35580      -159.47
 326.40275  77.43786        11.31
 332.09472  77.45055         3.52
 322.75643  77.50300        25.78
 319.05041  77.52016        60.72
 334.25516  77.56045       -38.77
 328.53334  77.58708        10.64
 336.44245  77.65580      -124.32
 324.87272  77.67765        16.01
 317.35306  77.71359        78.48
 321.13697  77.72031        41.77
 330.70275  77.72221         1.48
 327.03578  77.83852        10.25
 332.90771  77.84284       -29.87
 323.27755  77.90716        26.29
 319.45497  77.92636        59.80
 335.14440  77.94860       -96.89
 329.24299  77.98512         0.87
 337.40856  78.03916      -209.06
 325.47040  78.08015        14.84
 331.49114  78.11699       -23.58
 317.71044  78.12053        77.29
 321.61631  78.12582        40.56
 333.77644  78.23370       -75.82
 327.71309  78.23872         2.87
 323.83566  78.31137        23.79
 319.88842  78.33300        56.70
 336.09454  78.33486      -166.63
 330.00260  78.38236       -18.33
 338.44055  78.42013      -301.41
 326.11097  78.48241         7.82
 332.33522  78.51056       -59.83
 318.09383  78.52807        72.28
 322.13043  78.53156        35.76
 334.70658  78.62289      -132.45
 328.43943  78.63833       -13.15
 324.43483  78.71554        15.32
 337.11166  78.71893      -243.80
 320.35400  78.74005        48.94
 330.81750  78.77860       -47.88
 326.79917  78.88429        -7.64
 333.24089  78.90268      -106.15
 318.50620  78.93617        61.08
 322.68328  78.93744        24.40
 335.70451  79.01010      -196.46
 329.22019  79.03718       -39.18
 338.20259  79.10045      -323.54
 325.07971  79.11954        -1.86
 320.85544  79.14744        33.59
 331.69374  79.17362       -87.21
 327.54042  79.28564       -33.16
 334.21480  79.29306      -159.89
 323.27939  79.34340         3.69
 336.77747  79.39500      -263.65
 330.06156  79.43506       -74.99
 339.37503  79.47901      -401.16
 325.77571  79.52327       -29.46
 321.39706  79.55511         8.03
 332.63824  79.56717      -134.10
 328.34099  79.68629       -68.68
 323.92401  79.74931       -27.98
 325.30684  67.24633      -478.74
 324.44580  67.52113      -401.35
 325.61790  67.64303      -427.27
 324.74629  67.91816      -351.01
 325.94004  68.03965      -374.49
 327.14205  68.15437      -375.41
 323.85042  68.18731      -259.71
 325.05764  68.31516      -300.32
 326.27390  68.43617      -322.31
 324.15022  68.58463      -214.92
 328.73163  68.65721      -307.54
 325.38048  68.71211      -251.45
 329.97202  68.75703      -271.88
 326.62016  68.83257      -272.05
 323.21729  68.84783      -130.47
 331.21932  68.84956      -218.00
 327.86873  68.94589      -274.59
 324.46125  68.98197      -173.00
 333.73202  69.01237       -57.17
 329.12564  69.05194      -258.21
 322.25839  69.10451       -58.34
 325.71551  69.10901      -205.96
 330.39029  69.15062      -222.54
 326.97956  69.22884      -224.56
 331.66203  69.24182      -166.77
 323.51568  69.24548       -97.56
 332.94016  69.32544       -92.79
 328.25283  69.34133      -225.84
 324.78420  69.37930      -135.44
 334.22396  69.40137        -5.90
 329.53474  69.44635      -208.08
 322.54329  69.50241       -34.40
 326.06345  69.50583      -164.81
 330.82462  69.54380      -170.51
 327.35288  69.62495      -180.44
 332.12178  69.63356      -112.02
 323.82567  69.64319       -69.31
 333.42546  69.71553       -38.21
 328.65189  69.73652      -178.86
 325.11979  69.77662      -103.15
 334.73488  69.78961        45.85
 329.95983  69.84041      -158.08
 336.04920  69.85571       132.75
 322.83942  69.90042       -14.66
 326.42509  69.90256      -128.58
 331.27598  69.93652      -116.56
 327.74100  70.02087      -140.18
 324.14799  70.04095       -46.51
 329.06683  70.13142      -134.46
 325.46881  70.17392       -76.56
 335.26589  70.17702        93.75
 330.40190  70.23408      -109.31
 323.14750  70.29855         0.09
 326.80131  70.29918       -97.54
 328.14482  70.41659      -104.27
 324.48341  70.43875       -29.46
 329.49865  70.52601       -93.62
 325.83212  70.57116       -55.70
 327.19301  70.69565       -71.78
 323.46829  70.69678         9.53
 328.56536  70.81205       -73.12
 324.83278  70.83657       -18.03
 329.94840  70.92023       -56.97
 326.21065  70.96834       -40.29
 331.34128  71.02006       -23.84
 327.60122  71.09194       -51.17
 323.80264  71.09510        13.78
 329.00371  71.20722       -46.92
 325.19702  71.23438       -11.73
 330.41727  71.31405       -25.89
 322.74116  71.34648        39.53
 326.60540  71.36541       -29.77
 328.02702  71.48802       -35.29
 324.15146  71.49349        13.36
 329.46103  71.60207       -25.40
 325.57715  71.63217        -9.70
 323.07335  71.74537        35.41
 327.01747  71.76235       -23.23
 328.47160  71.88385       -23.22
 324.51573  71.89193         9.24
 329.93861  71.99653        -8.26
 325.97424  72.02991       -10.78
 323.42050  72.14438        27.77
 327.44805  72.15912       -19.43
 332.90714  72.19476        57.26
 328.93625  72.27939       -13.76
 324.89654  72.29040         2.68
 322.29087  72.38921        46.44
 330.43784  72.39054         5.90
 326.38949  72.42756       -13.50
 331.95170  72.49243        36.79
 323.78368  72.54350        17.92
 327.89844  72.55567       -16.65
 329.42239  72.67456        -5.36
 325.29508  72.68886        -4.77
 330.96023  72.78405        18.81
 326.82420  72.82509       -16.20
 324.16405  72.94271         7.42
 328.37005  72.95197       -13.27
 329.93154  73.06933         3.77
 325.71263  73.08729       -11.52
 331.50744  73.17698        32.09
 327.27979  73.22244       -17.08
 328.86445  73.34795        -7.69
 330.46540  73.46361        15.08
 327.75783  73.61958       -14.86
 329.38334  73.74354         1.25
 331.02579  73.85732        29.20
 332.68371  73.96074        62.20
 328.26004  74.01644        -8.71
 329.92858  74.13867        13.86
 331.61474  74.25039        45.48
 333.31689  74.35137        76.69
 328.78829  74.41295         1.41
 335.03324  74.44145        94.28
 330.50222  74.53327        29.27
 332.23447  74.64269        61.72
 333.98321  74.74101        86.44
 335.74645  74.82804        88.06
 337.52207  74.90361        51.10
 331.10654  74.92723        45.33
 332.88740  75.03413        74.30
 334.68525  75.12953        86.51
 315.96282  62.31418      -155.81
 315.14048  62.55148      -206.96
 316.09111  62.70828      -120.80
 315.25881  62.94481      -158.30
 316.22294  63.10249       -82.15
 317.19380  63.25548       -29.16
 315.38044  63.33827      -107.04
 316.35848  63.49682       -43.81
 317.34355  63.65057       -11.02
 316.49791  63.89129        -9.39
 317.49764  64.04578         2.62
 316.64142  64.28591        18.26
 317.65628  64.44113        10.41
 315.76673  64.51962        19.97
 318.67871  64.59123       -42.70
 316.78921  64.68069        37.37
 317.81970  64.83662        12.03
 315.90323  64.91376        43.31
 318.85809  64.98730       -57.49
 316.94149  65.07565        47.35
 317.98814  65.23226         8.20
 316.04392  65.30811        55.03
 319.04304  65.38350       -72.53
 317.09850  65.47079        48.76
 318.16186  65.62807         0.41
 321.17687  65.66950      -314.87
 316.18901  65.70268        55.68
 319.23384  65.77985       -85.87
 317.26048  65.86614        43.02
 320.31425  65.92602      -198.94
 318.34114  66.02406        -9.41
 321.40288  66.06650      -321.77
 316.33874  66.09748        46.81
 319.43079  66.17634       -95.63
 317.42770  66.26169        32.18
 320.52926  66.32288      -203.49
 323.60385  66.32994      -520.45
 318.52626  66.42023       -19.23
 324.71564  66.45271      -567.16
 321.63631  66.46358      -316.35
 316.49336  66.49253        30.70
 319.63423  66.57299      -100.39
 317.60042  66.65747        18.54
 320.75142  66.71986      -199.04
 323.87511  66.72702      -489.38
 318.71754  66.81660       -27.27
 325.00627  66.84955      -526.38
 321.87756  66.86074      -299.66
 319.84451  66.96981       -99.40
 323.01239  66.99552      -386.81
 317.77897  67.05348         4.43
 320.98111  67.11697      -186.18
 324.15560  67.12408      -448.55
 318.91533  67.21317       -32.17
 322.12706  67.25799      -273.66
 320.06201  67.36679       -92.63
 323.28207  67.39275      -348.61
 317.96364  67.44974        -7.99
 321.21875  67.51422      -166.31
 319.11999  67.60996       -33.07
 322.38526  67.65533      -240.92
 320.28713  67.76395       -80.70
 323.56123  67.79002      -305.18
 321.46480  67.91159      -141.39
 319.33191  68.00696       -29.66
 322.65268  68.05275      -204.34
 320.52032  68.16129       -64.73
 321.71973  68.30910      -113.65
 322.92983  68.45025      -166.71
 320.76203  68.55881       -46.14
 321.98408  68.70674       -85.30
 312.99628  61.05139      -433.82
 315.59769  61.13238      -205.61
 316.50352  61.28138       -96.21
 314.80384  61.37215      -295.84
 313.08158  61.44229      -434.01
 315.71626  61.52624      -200.72
 313.99434  61.60585      -362.87
 312.25049  61.66436      -493.94
 316.63435  61.67606       -94.86
 314.91313  61.76517      -279.12
 317.55806  61.82154         6.38
 313.16909  61.83330      -416.90
 315.83792  61.92017      -183.46
 314.09404  61.99796      -336.53
 312.32804  62.05430      -472.35
 316.76863  62.07080       -85.18
 315.02530  62.15827      -248.54
 313.25889  62.22442      -383.98
 311.47116  62.26865      -544.64
 314.19639  62.39017      -296.28
 312.40764  62.44437      -436.27
 313.35110  62.61568      -338.27
 314.30151  62.78251      -245.74
 311.54025  62.65760      -508.62
 312.48938  62.83459      -389.25
 310.65674  62.86393      -612.90
 313.44583  63.00708      -283.95
 311.61121  63.04672      -463.76
 314.40953  63.17500      -189.46
 312.57337  63.22499      -335.80
 310.71660  63.25186      -572.50
 313.54318  63.39866      -225.92
 311.68414  63.43603      -414.66
 314.52059  63.56765      -132.37
 312.65972  63.61557      -280.91
 310.77814  63.64001      -529.65
 315.50552  63.73189       -57.72
 313.64330  63.79041      -169.25
 311.75913  63.82555      -366.18
 314.63483  63.96047       -79.24
 312.74853  64.00636      -229.52
 310.84143  64.02837      -488.90
 315.63423  64.12566       -14.34
 313.74631  64.18236      -118.65
 311.83627  64.21529      -322.92
 314.75240  64.35348       -34.19
 312.83993  64.39737      -186.04
 310.90654  64.41698      -454.47
 313.85235  64.57453       -78.04
 311.91567  64.60527      -288.87
 314.87348  64.74669        -0.27
 312.93403  64.78861      -154.01
 310.97358  64.80585      -429.83
 313.96158  64.96693       -50.24
 311.99745  64.99550      -267.10
 314.99824  65.14013        20.68
 313.03099  65.18011      -135.84
 311.04264  65.19499      -417.59
 314.07415  65.35957       -36.78
 312.08172  65.38601      -259.55
 310.06969  65.38687      -600.20
 315.12686  65.53379        28.15
 313.13094  65.57187      -132.68
 311.11381  65.58443      -419.22
 314.19024  65.75247       -37.87
 310.12737  65.77513      -607.78
 312.16861  65.77681      -266.89
 315.25955  65.92771        22.88
 309.12255  65.95791      -813.93
 313.23404  65.96392      -144.30
 311.18722  65.97417      -434.94
 314.31004  66.14564       -52.44
 312.25826  66.16792      -288.46
 315.39652  66.32188         6.70
 313.34045  66.35627      -169.17
 311.26297  66.36425      -463.65
 314.43373  66.53911       -78.19
 312.35082  66.55935      -322.20
 315.53800  66.71633       -17.63
 313.45036  66.74893      -204.45
 311.34119  66.75466      -502.81
 316.65312  66.88783        10.17
 314.56154  66.93288      -111.78
 310.31172  66.94197      -699.66
 312.44643  66.95112      -364.70
 315.68423  67.11108       -46.66
 313.56395  67.14193      -246.11
 311.42202  67.14544      -548.50
 316.81833  67.28340       -11.74
 314.69368  67.32697      -148.97
 310.37728  67.33165      -743.68
 312.54528  67.34325      -411.29
 315.83550  67.50612       -76.48
 313.68143  67.53528      -289.17
 311.50561  67.53660      -595.59
 316.98927  67.67925       -31.94
 314.83040  67.72140      -184.99
 310.44509  67.72174      -786.39
 312.64754  67.73575      -456.36
 318.15481  67.84624       -16.91
 315.99206  67.90148      -103.05
 311.59209  67.92815      -638.04
 313.80302  67.92899      -328.07
 317.16627  68.07539       -47.59
 310.51527  68.11223      -821.69
 314.97197  68.11617      -214.92
 312.75340  68.12865      -493.84
 318.35283  68.24301       -20.96
 316.15425  68.29716      -122.57
 311.68165  68.32012      -669.62
 313.92895  68.32308      -357.27
 319.55151  68.40419       -22.09
 310.58795  68.50317      -843.55
 310.66330  68.89455      -846.82
 317.34970  68.47183       -56.37
 315.11866  68.51131      -234.27
 312.86308  68.52195      -517.89
 318.55811  68.64004       -19.37
 316.32237  68.69319      -131.98
 311.77446  68.71252      -684.62
 314.05949  68.71756      -371.93
 319.77924  68.80165       -10.94
 317.53993  68.86859       -56.76
 315.27077  68.90682      -239.58
 312.97679  68.91567      -523.76
 321.01278  68.95652       -26.47
 318.77109  69.03735       -12.06
 316.49680  69.08957      -129.41
 311.87072  69.10537      -678.77
 314.19489  69.11245      -368.67
 320.01560  69.19934         2.81
 317.73737  69.26566       -48.35
 310.74147  69.28641      -828.09
 315.42865  69.30272      -229.07
 313.09480  69.30983      -508.57
 321.27312  69.35441        -7.27
 318.99223  69.43495         0.28
 316.67791  69.48631      -114.53
 311.97063  69.49869      -650.11
 314.33548  69.50777      -346.22
 320.26111  69.59727        17.85
 317.94246  69.66306       -31.96
 310.82262  69.67875      -786.48
 315.59264  69.69902      -202.99
 313.21735  69.70445      -471.96
 321.54364  69.75248        10.00
 319.22205  69.83282        16.22
 316.86612  69.88342       -88.75
 312.07442  69.89249      -599.39
 314.48156  69.90352      -305.79
 320.51635  69.99543        32.61
 318.15570  70.06080        -9.58
 310.90695  70.07161      -723.96
 315.76313  70.09573      -163.72
 313.34473  70.09954      -416.35
 321.82498  70.15073        24.09
 319.46108  70.23099        33.70
 309.71528  70.24154      -842.96
 317.06189  70.28091       -55.05
 312.18235  70.28679      -530.26
 314.63348  70.29973      -251.04
 320.78193  70.39383        45.47
 318.37760  70.45887        15.85
 310.99466  70.46499      -645.16
 315.94054  70.49287      -115.51
 313.47727  70.49511      -346.67
 322.11783  70.54915        34.03
 319.70994  70.62945        50.37
 309.78206  70.63386      -759.83
 317.26570  70.67879       -17.55
 312.29467  70.68160      -448.73
 314.79163  70.69640      -187.51
 321.05854  70.79246        54.94
 318.60872  70.85729        40.94
 311.08598  70.85891      -556.79
 316.12531  70.89045       -63.76
 313.61528  70.89119      -269.64
 322.42295  70.94774        39.21
 309.85160  71.02675      -670.67
 319.96926  71.02820        63.95
 312.41167  71.07696      -362.25
 317.47810  71.07707        19.21
 314.95643  71.09355      -121.80
 321.34690  71.19133        59.93
 311.18113  71.25340      -466.47
 318.84970  71.25607        62.48
 313.75914  71.28779      -192.60
 316.31796  71.28847       -14.13
 309.92408  71.42022      -582.62
 320.23975  71.42725        72.67
 312.53369  71.47286      -278.42
 317.69965  71.47575        51.07
 315.12831  71.49119       -60.32
 321.64781  71.59041        59.92
 311.28039  71.64847      -381.41
 319.10119  71.65519        77.98
 313.90926  71.68491      -122.32
 316.51901  71.68694        28.52
 309.99971  71.81430      -501.95
 320.52219  71.82658        75.57
 312.66105  71.86934      -203.73
 317.93100  71.87484        74.97
 315.30777  71.88933        -8.30
 308.69225  71.97005      -637.25
 321.96215  71.98971        55.14
 311.38403  72.04414      -307.23
 319.36394  72.05466        86.10
 314.06607  72.08259       -63.82
 316.72905  72.08588        60.86
 310.07871  72.20901      -432.89
 320.81741  72.22619        72.67
 312.79414  72.26640      -142.49
 318.17283  72.27435        89.42
 315.49536  72.28799        31.09
 308.74572  72.36363      -576.91
 311.49238  72.44043      -247.08
 319.63875  72.45449        86.83
 314.23004  72.48082       -19.70
 316.94874  72.48529        81.55
 321.12634  72.62608        64.89
 312.93337  72.66406       -96.31
 318.42592  72.67427        94.60
 315.69165  72.68717        57.04
 319.92651  72.85466        81.29
 317.17877  72.88518        91.24
 307.38588  72.50769      -731.31
 310.16132  72.60436      -377.08
 308.80166  72.75787      -527.75
 311.60577  72.83735      -201.28
 314.40171  72.87963        10.06
 307.41425  72.90064      -689.95
 310.24780  73.00038      -333.50
 306.00012  73.03236      -851.12
 313.07921  73.06234       -64.13
 318.69110  73.07460        92.05
 315.89731  73.08689        70.89
 308.86023  73.15280      -487.41
 311.72458  73.23493      -167.71
 320.22819  73.25517        71.38
 314.58166  73.27903        27.66
 317.41994  73.28555        92.09
 307.44397  73.29428      -653.16
 310.33846  73.39708      -298.99
 306.00012  73.42452      -817.62
 313.23215  73.46125       -42.91
 318.96928  73.47535        84.16
 316.11304  73.48715        75.50
 308.92165  73.54843      -451.93
 311.84924  73.63319      -142.56
 314.77053  73.67902        36.64
 317.67310  73.68641        87.04
 304.52487  73.68865      -969.81
 307.47514  73.68865      -616.38
 310.43361  73.79449      -269.25
 306.00012  73.81741      -779.22
 313.39274  73.86081       -28.57
 319.26149  73.87651        73.46
 316.33963  73.88796        74.34
 308.98613  73.94480      -416.75
 311.98020  74.03213      -121.49
 314.96902  74.07963        40.85
 304.49213  74.08377      -923.80
 307.50787  74.08377      -575.09
 317.93920  74.08774        79.02
 310.53362  74.19262      -239.91
 306.00013  74.21105      -731.63
 313.56161  74.26103       -17.12
 316.57795  74.28932        70.64
 309.05393  74.34192      -377.82
 312.11797  74.43178      -100.67
 304.45770  74.47965      -862.93
 307.54230  74.47965      -525.78
 315.17791  74.48085        43.55
 318.21929  74.48957        70.35
 310.63886  74.59150      -207.66
 306.00013  74.60546      -672.03
 313.73943  74.66193        -5.54
 316.82898  74.69124        66.70
 309.12531  74.73981      -332.53
 312.26312  74.83216       -77.62
 307.57856  74.87632      -466.73
 304.42144  74.87632      -785.88
 315.39808  74.88270        46.83
 310.74980  74.99115      -170.80
 306.00013  75.00067      -599.64
 313.92696  75.06352         7.74
 317.09379  75.09373        63.72
 302.79943  75.13849      -865.02
 309.20058  75.13849      -280.20
 312.41628  75.23329       -51.55
 304.38320  75.27380      -693.78
 307.61681  75.27380      -398.34
 315.63049  75.28519        51.44
 310.86692  75.39158      -129.52
 306.00014  75.39670      -515.95
 314.12505  75.46581        22.82
 302.71993  75.53800      -754.76
 309.28007  75.53800      -222.10
 312.57815  75.63517       -23.19
 307.65722  75.67213      -323.00
 304.34279  75.67213      -590.06
 315.87623  75.68832        57.14
 310.99076  75.79282       -85.53
 301.00924  75.79282      -778.28
 306.00014  75.79358      -424.40
 314.33464  75.86882        38.79
 302.63583  75.93835      -634.26
 309.36417  75.93835      -161.01
 312.74953  76.03783         5.73
 307.69998  76.07132      -244.56
 304.30002  76.07132      -479.99
 292.49503  76.10157      -690.97
 306.00014  76.19133      -329.85
 311.12195  76.19489       -41.48
 300.87805  76.19489      -646.54
 314.55679  76.27255        54.27
 309.45330  76.33956      -100.53
 302.54670  76.33956      -510.37
 312.93130  76.44128        33.13
 299.06870  76.44128      -629.27
 307.74533  76.47139      -167.57
 304.25468  76.47139      -369.87
 295.58732  76.49651      -652.38
 292.12454  76.50568      -582.69
 306.00015  76.58997      -237.73
 311.26118  76.59780        -0.21
 300.73882  76.59780      -515.55
 297.20731  76.67701      -588.19
 293.68296  76.70922      -570.04
 309.54794  76.74165       -44.31
 302.45206  76.74165      -390.53
 313.12447  76.84553        57.21
 298.87553  76.84553      -499.06
 304.20651  76.87238      -266.20
 307.79349  76.87238       -96.53
 295.29371  76.90157      -530.81
 291.73064  76.91020      -478.30
 306.00015  76.98953      -153.35
 300.59077  77.00158      -393.52
 311.40924  77.00158        35.84
 296.95629  77.08220      -466.62
 289.73128  77.09896      -388.23
 309.64864  77.14466         4.50
 302.35137  77.14466      -281.99
 298.66983  77.25060      -382.91
 304.15524  77.27430      -174.97
 307.84476  77.27430       -35.31
 294.98091  77.30726      -424.58
 306.00015  77.39003       -81.31
 300.43300  77.40624      -287.92
 296.68863  77.48813      -363.70
 302.24400  77.54860      -191.02
 298.45031  77.65650      -287.95
 304.10055  77.67719      -101.10
 294.64694  77.71359      -339.51
 300.26450  77.81180      -204.84
 296.40258  77.89481      -285.52
 292.54503  77.92636      -308.83
 294.28956  78.12053      -278.51
 315.48209  60.73857      -197.42
 316.37599  60.88673       -88.21
 313.89717  61.21385      -373.00
 317.70520  62.21699        -0.55
 316.90652  62.46561       -69.17
 317.04819  62.86050       -49.49
 318.33556  63.79944       -19.85
 319.33438  63.94335       -76.12
 318.50461  64.19528       -29.81
 309.95943  64.61124      -622.67
 319.90422  65.13265      -164.95
 308.09954  66.13254     -1023.62
 322.75169  66.59832      -416.53
 326.79796  67.75834      -426.60
 328.35185  68.26221      -355.71
 309.41730  68.28775      -996.14
 329.56892  68.36306      -317.75
 330.79270  68.45681      -263.02
 332.47288  68.93470      -144.94
 307.21813  69.77489     -1188.17
 307.26125  70.55272     -1056.35
 337.79050  71.00804       209.14
 332.74310  71.11141        22.75
 308.59204  71.18482      -788.88
 334.15287  71.19417        77.34
 307.30796  71.33284      -907.61
 331.84099  71.41226         9.58
 308.64108  71.57713      -708.77
 334.71486  71.58239       104.86
 330.90651  71.70739        -0.52
 333.82779  71.89132        79.96
 335.30135  71.96968       122.48
 331.41749  72.10021        19.91
 307.35876  72.11543      -780.70
 306.00012  72.64090      -884.53
 332.51076  72.88397        51.69
 333.71063  73.66467        78.92
 335.35185  73.74974       100.51
 334.35546  74.05361        89.59
 336.76184  74.52045        83.25
 338.50064  74.58824        30.01
 297.44322  76.27255      -720.54
 294.01641  76.30453      -686.76
 294.16354  80.34989      -328.38
 296.36937  80.52143      -324.03
 333.02599  80.62027      -212.11
 298.66042  80.67721      -310.73
 345.03845  80.82981      -658.22
 338.96155  80.82981      -368.82
 343.58581  81.20533      -529.38
 345.29328  81.49979      -565.27
 330.28066  81.53088      -239.99
 303.24758  81.76491      -393.05
 308.75243  81.76491      -321.86
 306.00023  81.86597      -372.45
 317.52875  82.17625      -307.50
 328.01804  82.81098      -230.02
 321.66551  82.82449      -293.34
 322.58420  83.23728      -235.37
