 314.79269  76.67701        46.62
 315.04371  77.08220        54.06
 313.33017  77.25060        57.45
 311.56701  77.40624        57.22
 315.31138  77.48813        63.32
 309.75601  77.54860        51.10
 313.54970  77.65650        70.82
 307.89946  77.67719        36.48
 306.00016  77.79151        10.84
 311.73551  77.81180        74.78
 315.59743  77.89481        73.51
 302.12926  77.95350       -83.01
 309.87075  77.95350        72.36
 298.21548  78.06323      -223.69
 313.78452  78.06323        81.92
 304.04206  78.08106       -12.20
 307.95794  78.08106        60.49
 290.38370  78.12582      -465.27
 306.00016  78.19398        36.38
 311.91589  78.21828        85.91
 300.08411  78.21828      -130.72
 315.90388  78.30222        82.11
 296.09613  78.30222      -279.86
 288.16434  78.31137      -476.02
 292.11158  78.33300      -402.33
 309.99367  78.35937        82.45
 302.00633  78.35937       -54.76
 297.96367  78.47081      -194.41
 314.03634  78.47081        88.58
 308.02063  78.48595        68.44
 303.97937  78.48595         2.35
 293.90618  78.52807      -334.07
 306.00017  78.59749        41.37
 299.89051  78.62569      -118.04
 312.10950  78.62569        88.73
 295.76700  78.71036      -264.12
 316.23301  78.71036        85.14
 301.87430  78.76624       -55.29
 310.12571  78.76624        80.06
 314.30708  78.87925        86.95
 297.69292  78.87925      -196.58
 303.91200  78.89189        -7.38
 308.08801  78.89189        59.92
 306.00017  79.00205        26.50
 299.68214  79.03405      -134.57
 312.31787  79.03405        80.65
 295.41252  79.11923      -277.97
 316.58749  79.11923        78.52
 310.26792  79.17414        63.69
 301.73208  79.17414       -81.27
 297.40098  79.28853      -224.01
 314.59903  79.28853        73.10
 303.83937  79.29889       -38.84
 308.16063  79.29889        34.81
 318.95101  79.34480        61.32
 306.00018  79.40769        -6.79
 312.54278  79.44338        58.18
 299.45723  79.44338      -173.48
 316.97039  79.52878        57.28
 301.57843  79.58309      -127.97
 310.42157  79.58309        31.89
 335.26456  79.68138      -403.24
 314.91479  79.69866        43.78
 297.08522  79.69866      -269.78
 308.23915  79.70699        -6.55
 303.76086  79.70699       -88.41
 319.43226  79.75391        27.75
 306.00019  79.81444       -56.31
 330.97064  79.83173      -241.60
 312.78633  79.85367        19.62
 299.21368  79.85367      -227.40
 326.52905  79.92655      -109.01
 317.38531  79.93902        17.40
 333.65890  79.95893      -361.84
 321.98389  79.96297       -22.24
 301.41189  79.99310      -187.64
 310.58812  79.99310       -15.97
 329.20808  80.08601      -212.56
 315.25745  80.10963        -3.54
 303.67568  80.11621      -151.41
 308.32432  80.11621       -62.88
 324.62327  80.15505       -96.47
 319.95464  80.16345       -27.13
 306.00019  80.22234      -118.76
 331.95563  80.22692      -327.70
 313.05096  80.26495       -35.39
 327.34699  80.32920      -192.79
 317.83647  80.34989       -42.68
 322.62180  80.37094       -94.17
 310.76928  80.40419       -77.83
 301.23072  80.40419      -252.92
 330.15009  80.48456      -302.01
 315.63063  80.52143       -68.79
 303.58295  80.52659      -219.36
 308.41706  80.52659      -129.82
 325.38431  80.56046      -182.82
 320.52366  80.57334      -102.30
 306.00020  80.63141      -189.31
 313.33958  80.67721      -104.87
 328.23798  80.73100      -285.25
 318.32886  80.76134      -120.52
 323.31773  80.77886      -182.61
 310.96711  80.81639      -149.69
 301.03289  80.81639      -315.84
 331.17677  80.88162      -387.47
 316.03865  80.93403      -147.94
 303.48158  80.93814      -284.97
 308.51842  80.93814      -201.44
 326.21555  80.96534      -277.18
 321.14584  80.98348      -191.59
 306.00021  81.04168      -257.71
 298.34436  81.09046      -397.05
 313.65565  81.09046      -183.18
 329.21196  81.13167      -373.10
 318.86843  81.17333      -208.65
 324.07985  81.18660      -276.96
 300.81596  81.22971      -367.07
 311.18404  81.22971      -224.39
 316.48665  81.34740      -232.21
 327.12695  81.36947      -364.98
 321.82896  81.39376      -283.24
 314.00330  81.50468      -260.36
 319.46228  81.58575      -294.23
 324.91796  81.59395      -361.46
 316.98083  81.76149      -307.90
 322.58235  81.80402      -360.49
 320.11902  81.99852      -359.84
 322.63501  72.78890        43.68
 321.44999  73.02624        56.85
 322.99571  73.18875        34.38
 324.56289  73.34196        17.17
 321.78947  73.42664        47.28
 326.15062  73.48565         4.62
 323.37423  73.58875        27.02
 320.54484  73.65602        62.41
 324.98161  73.74124        13.94
 322.14600  73.82728        38.95
 326.61060  73.88388         5.43
 323.77195  73.98886        22.97
 320.87766  74.05718        52.78
 325.42177  74.14050        14.75
 322.52093  74.22812        33.19
 319.56883  74.27808        66.38
 327.09431  74.28195         9.87
 324.19042  74.38905        22.60
 321.22794  74.45865        44.75
 325.88507  74.53969        18.89
 322.91576  74.62916        30.43
 327.60363  74.67977        16.13
 319.89256  74.68004        56.18
 324.63130  74.78929        25.02
 329.34467  74.80904         6.19
 321.59713  74.86040        39.00
 318.51453  74.89187        64.49
 326.37340  74.93877        24.57
 323.33214  75.03034        30.21
 328.14067  75.07730        21.51
 320.23406  75.08237        47.59
 325.09649  75.18953        28.86
 329.93148  75.20461         7.24
 336.49787  75.21323      -197.96
 321.98684  75.26241        35.50
 318.82623  75.29464        54.30
 331.74402  75.32045       -25.00
 326.88888  75.33766        29.42
 333.57623  75.42457       -78.25
 323.77192  75.43164        31.32
 328.70773  75.47444        23.11
 320.59486  75.48507        41.10
 317.37357  75.49677        56.45
 335.42588  75.51677      -150.88
 325.58806  75.58971        32.31
 337.29050  75.59684      -236.82
 330.55126  75.59957         1.37
 322.39886  75.66465        33.75
 319.15584  75.69788        46.12
 332.41742  75.71280       -41.66
 327.43381  75.73630        31.07
 334.30391  75.81386      -107.44
 324.23714  75.83300        32.83
 329.30741  75.87110        18.35
 320.97668  75.88811        36.90
 317.66967  75.90038        48.94
 336.20824  75.90255      -192.42
 326.10835  75.98977        33.67
 331.20683  75.99380       -13.88
 322.83517  76.06708        33.21
 316.13650  76.09209        47.75
 319.50498  76.10157        40.63
 333.12978  76.10413       -70.12
 328.01081  76.13460        27.58
 335.07371  76.20184      -149.85
 324.73010  76.23437        33.72
 329.94256  76.26717         5.32
 337.03580  76.28668      -247.32
 321.38144  76.29147        34.91
 317.98360  76.30453        44.27
 331.90132  76.38717       -40.12
 326.65993  76.38963        31.60
 323.29804  76.46965        33.71
 333.88450  76.49430      -111.38
 316.41268  76.49651        46.68
 319.87547  76.50568        38.43
 328.62276  76.53246        17.52
 335.88924  76.58830      -205.54
 325.25338  76.63569        33.19
 330.61638  76.66254       -17.25
 321.81131  76.69509        35.37
 318.31705  76.70922        43.26
 332.63820  76.77952       -78.12
 327.24571  76.78920        25.03
 323.78996  76.87231        34.80
 334.68533  76.88311      -165.36
 316.70630  76.90157        48.85
 320.26936  76.91020        39.57
 329.27290  76.92978        -0.24
 336.75450  76.97304      -273.27
 325.80984  77.03689        30.34
 331.33243  77.05705       -50.20
 322.26872  77.09896        38.15
 318.67193  77.11444        46.35
 333.42137  77.17068      -128.04
 327.86896  77.18839        12.78
 335.53643  77.27036      -231.08
 324.31378  77.27500        35.59
 317.01910  77.30726        54.58
 320.68899  77.31509        44.11
 329.96488  77.32641       -26.81
 337.67393  77.35580      -350.57
 326.40275  77.43786        23.75
 332.09472  77.45055       -94.12
 322.75643  77.50300        42.20
 319.05041  77.52016        52.68
 334.25516  77.56045      -189.41
 328.53334  77.58708        -6.77
 336.44245  77.65580      -306.51
 324.87272  77.67765        34.24
 317.35306  77.71359        63.13
 321.13697  77.72031        50.75
 330.70275  77.72221       -63.50
 327.03578  77.83852        11.12
 332.90771  77.84284      -149.35
 323.27755  77.90716        45.15
 319.45497  77.92636        61.00
 335.14440  77.94860      -260.91
 329.24299  77.98512       -35.82
 337.40856  78.03916      -388.23
 325.47040  78.08015        27.68
 331.49114  78.11699      -111.64
 317.71044  78.12053        71.99
 321.61631  78.12582        56.59
 333.77644  78.23370      -215.52
 327.71309  78.23872       -10.75
 323.83566  78.31137        43.16
 319.88842  78.33300        67.98
 336.09454  78.33486      -339.87
 330.00260  78.38236       -76.80
 338.44055  78.42013      -471.02
 326.11097  78.48241        11.74
 332.33522  78.51056      -171.92
 318.09383  78.52807        78.08
 322.13043  78.53156        57.15
 334.70658  78.62289      -290.82
 328.43943  78.63833       -45.38
 324.43483  78.71554        31.21
 337.11166  78.71893      -421.61
 320.35400  78.74005        68.71
 330.81750  78.77860      -131.50
 326.79917  78.88429       -18.10
 333.24089  78.90268      -243.45
 318.50620  78.93617        76.41
 322.68328  78.93744        46.81
 335.70451  79.01010      -371.19
 329.22019  79.03718       -95.55
 338.20259  79.10045      -499.17
 325.07971  79.11954         4.06
 320.85544  79.14744        57.32
 331.69374  79.17362      -199.86
 327.54042  79.28564       -65.38
 334.21480  79.29306      -322.75
 323.27939  79.34340        19.93
 336.77747  79.39500      -449.93
 330.06156  79.43506      -161.89
 339.37503  79.47901      -563.69
 325.77571  79.52327       -42.31
 321.39706  79.55511        28.24
 332.63824  79.56717      -278.86
 328.34099  79.68629      -131.16
 323.92401  79.74931       -27.56
 325.30684  67.24633      -643.17
 324.44580  67.52113      -511.54
 325.61790  67.64303      -555.19
 324.74629  67.91816      -429.46
 325.94004  68.03965      -470.43
 327.14205  68.15437      -492.72
 323.85042  68.18731      -300.76
 325.05764  68.31516      -352.89
 326.27390  68.43617      -390.90
 324.15022  68.58463      -236.59
 328.73163  68.65721      -417.34
 325.38048  68.71211      -283.29
 329.97202  68.75703      -406.74
 326.62016  68.83257      -317.78
 323.21729  68.84783      -132.44
 331.21932  68.84956      -383.50
 327.86873  68.94589      -338.02
 324.46125  68.98197      -180.32
 333.73202  69.01237      -308.50
 329.12564  69.05194      -343.91
 322.25839  69.10451       -49.14
 325.71551  69.10901      -221.32
 330.39029  69.15062      -337.07
 326.97956  69.22884      -251.89
 331.66203  69.24182      -318.95
 323.51568  69.24548       -91.00
 332.94016  69.32544      -293.09
 328.25283  69.34133      -270.53
 324.78420  69.37930      -131.99
 334.22396  69.40137      -266.71
 329.53474  69.44635      -277.64
 322.54329  69.50241       -21.78
 326.06345  69.50583      -167.30
 330.82462  69.54380      -275.23
 327.35288  69.62495      -194.10
 332.12178  69.63356      -263.09
 323.82567  69.64319       -56.86
 333.42546  69.71553      -249.01
 328.65189  69.73652      -211.61
 325.11979  69.77662       -91.48
 334.73488  69.78961      -236.82
 329.95983  69.84041      -220.86
 336.04920  69.85571      -229.44
 322.83942  69.90042        -0.24
 326.42509  69.90256      -121.65
 331.27598  69.93652      -222.37
 327.74100  70.02087      -145.50
 324.14799  70.04095       -29.56
 329.06683  70.13142      -163.08
 325.46881  70.17392       -58.79
 335.26589  70.17702      -221.01
 330.40190  70.23408      -175.40
 323.14750  70.29855        16.00
 326.80131  70.29918       -84.99
 328.14482  70.41659      -107.30
 324.48341  70.43875        -8.93
 329.49865  70.52601      -126.58
 325.83212  70.57116       -34.17
 327.19301  70.69565       -57.94
 323.46829  70.69678        27.04
 328.56536  70.81205       -80.39
 324.83278  70.83657         4.99
 329.94840  70.92023      -102.37
 326.21065  70.96834       -17.81
 331.34128  71.02006      -125.33
 327.60122  71.09194       -40.74
 323.80264  71.09510        32.81
 329.00371  71.20722       -64.82
 325.19702  71.23438        12.25
 330.41727  71.31405       -90.74
 322.74116  71.34648        51.54
 326.60540  71.36541        -9.45
 328.02702  71.48802       -32.81
 324.15146  71.49349        33.40
 329.46103  71.60207       -59.09
 325.57715  71.63217        13.41
 323.07335  71.74537        48.35
 327.01747  71.76235        -8.04
 328.47160  71.88385       -32.38
 324.51573  71.89193        29.49
 329.93861  71.99653       -61.29
 325.97424  72.02991         9.80
 323.42050  72.14438        41.64
 327.44805  72.15912       -11.59
 332.90714  72.19476      -139.01
 328.93625  72.27939       -36.76
 324.89654  72.29040        22.51
 322.29087  72.38921        53.00
 330.43784  72.39054       -68.14
 326.38949  72.42756         3.54
 331.95170  72.49243      -107.34
 323.78368  72.54350        32.85
 327.89844  72.55567       -17.32
 329.42239  72.67456       -42.98
 325.29508  72.68886        14.56
 330.96023  72.78405       -76.31
 326.82420  72.82509        -2.84
 324.16405  72.94271        23.99
 328.37005  72.95197       -22.49
 329.93154  73.06933       -48.29
 325.71263  73.08729         7.96
 331.50744  73.17698       -83.27
 327.27979  73.22244        -6.94
 328.86445  73.34795       -25.06
 330.46540  73.46361       -51.10
 327.75783  73.61958        -7.33
 329.38334  73.74354       -24.32
 331.02579  73.85732       -51.46
 332.68371  73.96074       -91.46
 328.26004  74.01644        -4.07
 329.92858  74.13867       -21.18
 331.61474  74.25039       -51.10
 333.31689  74.35137       -95.98
 328.78829  74.41295         1.34
 335.03324  74.44145      -154.26
 330.50222  74.53327       -18.01
 332.23447  74.64269       -53.06
 333.98321  74.74101      -105.07
 335.74645  74.82804      -171.21
 337.52207  74.90361      -245.19
 331.10654  74.92723       -18.12
 332.88740  75.03413       -60.98
 334.68525  75.12953      -122.36
 315.96282  62.31418      -536.42
 315.14048  62.55148      -447.12
 316.09111  62.70828      -459.76
 315.25881  62.94481      -373.97
 316.22294  63.10249      -389.55
 317.19380  63.25548      -433.99
 315.38044  63.33827      -307.07
 316.35848  63.49682      -328.23
 317.34355  63.65057      -382.91
 316.49791  63.89129      -276.82
 317.49764  64.04578      -341.79
 316.64142  64.28591      -234.88
 317.65628  64.44113      -308.61
 315.76673  64.51962      -159.94
 318.67871  64.59123      -413.51
 316.78921  64.68069      -200.77
 317.81970  64.83662      -280.39
 315.90323  64.91376      -128.33
 318.85809  64.98730      -389.76
 316.94149  65.07565      -172.20
 317.98814  65.23226      -253.88
 316.04392  65.30811      -103.20
 319.04304  65.38350      -363.16
 317.09850  65.47079      -146.74
 318.16186  65.62807      -226.34
 321.17687  65.66950      -615.07
 316.18901  65.70268       -82.87
 319.23384  65.77985      -331.13
 317.26048  65.86614      -122.52
 320.31425  65.92602      -448.90
 318.34114  66.02406      -196.13
 321.40288  66.06650      -567.01
 316.33874  66.09748       -66.03
 319.43079  66.17634      -292.76
 317.42770  66.26169       -98.53
 320.52926  66.32288      -400.63
 323.60385  66.32994      -758.62
 318.52626  66.42023      -163.01
 324.71564  66.45271      -815.25
 321.63631  66.46358      -507.97
 316.49336  66.49253       -51.92
 319.63423  66.57299      -248.94
 317.60042  66.65747       -74.78
 320.75142  66.71986      -345.28
 323.87511  66.72702      -680.43
 318.71754  66.81660      -128.07
 325.00627  66.84955      -731.24
 321.87756  66.86074      -441.33
 319.84451  66.96981      -201.98
 323.01239  66.99552      -527.57
 317.77897  67.05348       -52.06
 320.98111  67.11697      -286.36
 324.15560  67.12408      -596.50
 318.91533  67.21317       -93.28
 322.12706  67.25799      -371.48
 320.06201  67.36679      -154.95
 323.28207  67.39275      -448.79
 317.96364  67.44974       -31.51
 321.21875  67.51422      -227.76
 319.11999  67.60996       -60.81
 322.38526  67.65533      -302.78
 320.28713  67.76395      -110.85
 323.56123  67.79002      -372.12
 321.46480  67.91159      -172.97
 319.33191  68.00696       -32.39
 322.65268  68.05275      -238.77
 320.52032  68.16129       -71.93
 321.71973  68.30910      -124.39
 322.92983  68.45025      -181.68
 320.76203  68.55881       -39.31
 321.98408  68.70674       -83.12
 312.99628  61.05139      -618.00
 315.59769  61.13238      -765.84
 316.50352  61.28138      -802.03
 314.80384  61.37215      -668.43
 313.08158  61.44229      -580.70
 315.71626  61.52624      -693.89
 313.99434  61.60585      -588.08
 312.25049  61.66436      -548.31
 316.63435  61.67606      -724.06
 314.91313  61.76517      -598.41
 317.55806  61.82154      -761.32
 313.16909  61.83330      -533.95
 315.83792  61.92017      -615.91
 314.09404  61.99796      -523.89
 312.32804  62.05430      -516.37
 316.76863  62.07080      -643.99
 315.02530  62.15827      -523.25
 313.25889  62.22442      -480.27
 311.47116  62.26865      -544.96
 314.19639  62.39017      -455.33
 312.40764  62.44437      -478.11
 313.35110  62.61568      -422.74
 314.30151  62.78251      -386.17
 311.54025  62.65760      -526.35
 312.48938  62.83459      -436.01
 310.65674  62.86393      -629.62
 313.44583  63.00708      -364.64
 311.61121  63.04672      -503.27
 314.40953  63.17500      -319.96
 312.57337  63.22499      -392.86
 310.71660  63.25186      -627.52
 313.54318  63.39866      -309.12
 311.68414  63.43603      -478.01
 314.52059  63.56765      -259.66
 312.65972  63.61557      -351.44
 310.77814  63.64001      -621.43
 315.50552  63.73189      -248.64
 313.64330  63.79041      -258.87
 311.75913  63.82555      -453.04
 314.63483  63.96047      -207.33
 312.74853  64.00636      -314.26
 310.84143  64.02837      -613.59
 315.63423  64.12566      -199.66
 313.74631  64.18236      -215.93
 311.83627  64.21529      -430.77
 314.75240  64.35348      -164.06
 312.83993  64.39737      -283.37
 310.90654  64.41698      -606.44
 313.85235  64.57453      -181.54
 311.91567  64.60527      -413.37
 314.87348  64.74669      -129.97
 312.93403  64.78861      -260.26
 310.97358  64.80585      -602.26
 313.96158  64.96693      -156.19
 311.99745  64.99550      -402.54
 314.99824  65.14013      -104.43
 313.03099  65.18011      -245.75
 311.04264  65.19499      -603.01
 314.07415  65.35957      -139.71
 312.08172  65.38601      -399.43
 310.06969  65.38687      -847.85
 315.12686  65.53379       -86.39
 313.13094  65.57187      -240.04
 311.11381  65.58443      -610.03
 314.19024  65.75247      -131.48
 310.12737  65.77513      -862.11
 312.16861  65.77681      -404.43
 315.25955  65.92771       -74.69
 309.12255  65.95791     -1133.38
 313.23404  65.96392      -242.71
 311.18722  65.97417      -623.83
 314.31004  66.14564      -130.54
 312.25826  66.16792      -417.16
 315.39652  66.32188       -68.23
 313.34045  66.35627      -252.76
 311.26297  66.36425      -643.87
 314.43373  66.53911      -135.69
 312.35082  66.55935      -436.34
 315.53800  66.71633       -66.08
 313.45036  66.74893      -268.59
 311.34119  66.75466      -668.52
 316.65312  66.88783       -40.31
 314.56154  66.93288      -145.47
 310.31172  66.94197      -929.82
 312.44643  66.95112      -459.80
 315.68423  67.11108       -67.39
 313.56395  67.14193      -287.96
 311.42202  67.14544      -695.00
 316.81833  67.28340       -31.27
 314.69368  67.32697      -158.07
 310.37728  67.33165      -954.12
 312.54528  67.34325      -484.50
 315.83550  67.50612       -71.11
 313.68143  67.53528      -308.06
 311.50561  67.53660      -719.64
 316.98927  67.67925       -24.73
 314.83040  67.72140      -171.28
 310.44509  67.72174      -973.28
 312.64754  67.73575      -506.70
 318.15481  67.84624       -14.05
 315.99206  67.90148       -75.89
 311.59209  67.92815      -738.06
 313.80302  67.92899      -325.55
 317.16627  68.07539       -20.24
 310.51527  68.11223      -982.75
 314.97197  68.11617      -182.49
 312.75340  68.12865      -522.30
 318.35283  68.24301        -0.01
 316.15425  68.29716       -79.93
 311.68165  68.32012      -745.81
 313.92895  68.32308      -336.89
 319.55151  68.40419        -8.89
 310.58795  68.50317      -978.23
 310.66330  68.89455      -956.28
 317.34970  68.47183       -16.75
 315.11866  68.51131      -188.86
 312.86308  68.52195      -527.23
 318.55811  68.64004        11.07
 316.32237  68.69319       -81.13
 311.77446  68.71252      -738.89
 314.05949  68.71756      -338.68
 319.77924  68.80165         9.80
 317.53993  68.86859       -12.79
 315.27077  68.90682      -187.72
 312.97679  68.91567      -518.12
 321.01278  68.95652       -12.98
 318.77109  69.03735        20.27
 316.49680  69.08957       -77.45
 311.87072  69.10537      -714.44
 314.19489  69.11245      -328.24
 320.01560  69.19934        24.54
 317.73737  69.26566        -6.77
 310.74147  69.28641      -914.99
 315.42865  69.30272      -177.03
 313.09480  69.30983      -492.82
 321.27312  69.35441         7.82
 318.99223  69.43495        28.88
 316.67791  69.48631       -67.36
 311.97063  69.49869      -671.34
 314.33548  69.50777      -304.12
 320.26111  69.59727        36.46
 317.94246  69.66306         2.50
 310.82262  69.67875      -854.45
 315.59264  69.69902      -155.92
 313.21735  69.70445      -450.97
 321.54364  69.75248        24.08
 319.22205  69.83282        37.91
 316.86612  69.88342       -50.34
 312.07442  69.89249      -610.52
 314.48156  69.90352      -266.56
 320.51635  69.99543        46.46
 318.15570  70.06080        15.39
 310.90695  70.07161      -776.92
 315.76313  70.09573      -124.99
 313.34473  70.09954      -394.20
 321.82498  70.15073        36.54
 319.46108  70.23099        47.66
 309.71528  70.24154      -945.50
 317.06189  70.28091       -27.14
 312.18235  70.28679      -535.06
 314.63348  70.29973      -217.65
 320.78193  70.39383        54.81
 318.37760  70.45887        31.17
 310.99466  70.46499      -686.60
 315.94054  70.49287       -86.46
 313.47727  70.49511      -326.09
 322.11783  70.54915        45.44
 319.70994  70.62945        57.57
 309.78206  70.63386      -846.94
 317.26570  70.67879         0.17
 312.29467  70.68160      -449.78
 314.79163  70.69640      -161.09
 321.05854  70.79246        61.12
 318.60872  70.85729        48.12
 311.08598  70.85891      -589.12
 316.12531  70.89045       -43.83
 313.61528  70.89119      -251.69
 322.42295  70.94774        50.56
 309.85160  71.02675      -744.38
 319.96926  71.02820        66.34
 312.41167  71.07696      -360.62
 317.47810  71.07707        28.58
 314.95643  71.09355      -101.71
 321.34690  71.19133        64.59
 311.18113  71.25340      -490.68
 318.84970  71.25607        63.91
 313.75914  71.28779      -176.77
 316.31796  71.28847        -1.32
 309.92408  71.42022      -643.54
 320.23975  71.42725        72.42
 312.53369  71.47286      -273.73
 317.69965  71.47575        54.73
 315.12831  71.49119       -44.67
 321.64781  71.59041        64.44
 311.28039  71.64847      -397.11
 319.10119  71.65519        76.19
 313.90926  71.68491      -106.91
 316.51901  71.68694        36.87
 309.99971  71.81430      -549.39
 320.52219  71.82658        74.53
 312.66105  71.86934      -194.54
 317.93100  71.87484        75.63
 315.30777  71.88933         5.42
 308.69225  71.97005      -729.31
 321.96215  71.98971        60.38
 311.38403  72.04414      -313.13
 319.36394  72.05466        83.24
 314.06607  72.08259       -46.69
 316.72905  72.08588        67.40
 310.07871  72.20901      -465.32
 320.81741  72.22619        72.15
 312.79414  72.26640      -127.05
 318.17283  72.27435        89.30
 315.49536  72.28799        45.22
 308.74572  72.36363      -649.31
 311.49238  72.44043      -241.67
 319.63875  72.45449        84.41
 314.23004  72.48082         1.00
 316.94874  72.48529        88.29
 321.12634  72.62608        65.79
 312.93337  72.66406       -73.33
 318.42592  72.67427        95.10
 315.69165  72.68717        73.08
 319.92651  72.85466        80.22
 317.17877  72.88518        99.16
 307.38588  72.50769      -858.25
 310.16132  72.60436      -392.95
 308.80166  72.75787      -578.34
 311.60577  72.83735      -183.72
 314.40171  72.87963        35.15
 307.41425  72.90064      -790.03
 310.24780  73.00038      -332.05
 306.00012  73.03236     -1015.84
 313.07921  73.06234       -33.55
 318.69110  73.07460        93.77
 315.89731  73.08689        89.13
 308.86023  73.15280      -515.04
 311.72458  73.23493      -138.50
 320.22819  73.25517        72.21
 314.58166  73.27903        56.53
 317.41994  73.28555       101.12
 307.44397  73.29428      -724.21
 310.33846  73.39708      -280.97
 306.00012  73.42452      -946.98
 313.23215  73.46125        -6.22
 318.96928  73.47535        87.07
 316.11304  73.48715        94.92
 308.92165  73.54843      -457.08
 311.84924  73.63319      -103.94
 314.77053  73.67902        67.20
 317.67310  73.68641        96.25
 304.52487  73.68865     -1158.76
 307.47514  73.68865      -658.07
 310.43361  73.79449      -237.20
 306.00012  73.81741      -871.57
 313.39274  73.86081        11.13
 319.26149  73.87651        77.23
 316.33963  73.88796        92.92
 308.98613  73.94480      -401.82
 311.98020  74.03213       -77.28
 314.96902  74.07963        69.93
 304.49213  74.08377     -1065.84
 307.50787  74.08377      -589.20
 317.93920  74.08774        87.04
 310.53362  74.19262      -198.08
 306.00013  74.21105      -787.67
 313.56161  74.26103        21.41
 316.57795  74.28932        85.84
 309.05393  74.34192      -347.00
 312.11797  74.43178       -55.81
 304.45770  74.47965      -958.47
 307.54230  74.47965      -516.05
 315.17791  74.48085        67.53
 318.21929  74.48957        75.84
 310.63886  74.59150      -161.36
 306.00013  74.60546      -694.75
 313.73943  74.66193        27.29
 316.82898  74.69124        76.17
 309.12531  74.73981      -291.22
 312.26312  74.83216       -37.28
 307.57856  74.87632      -438.36
 304.42144  74.87632      -838.05
 315.39808  74.88270        62.46
 310.74980  74.99115      -125.61
 306.00013  75.00067      -593.89
 313.92696  75.06352        30.93
 317.09379  75.09373        65.89
 302.79943  75.13849      -952.33
 309.20058  75.13849      -234.20
 312.41628  75.23329       -20.20
 304.38320  75.27380      -708.00
 307.61681  75.27380      -357.26
 315.63049  75.28519        56.61
 310.86692  75.39158       -90.35
 306.00014  75.39670      -487.81
 314.12505  75.46581        33.82
 302.71993  75.53800      -794.53
 309.28007  75.53800      -176.75
 312.57815  75.63517        -3.79
 307.65722  75.67213      -275.15
 304.34279  75.67213      -573.47
 315.87623  75.68832        51.36
 310.99076  75.79282       -55.85
 301.00924  75.79282      -851.18
 306.00014  75.79358      -380.54
 314.33464  75.86882        36.96
 302.63583  75.93835      -635.28
 309.36417  75.93835      -120.55
 312.74953  76.03783        12.22
 307.69998  76.07132      -195.24
 304.30002  76.07132      -440.78
 292.49503  76.10157     -1193.13
 306.00014  76.19133      -276.93
 311.12195  76.19489       -22.91
 300.87805  76.19489      -674.13
 314.55679  76.27255        41.05
 309.45330  76.33956       -67.68
 302.54670  76.33956      -482.93
 312.93130  76.44128        27.82
 299.06870  76.44128      -694.08
 307.74533  76.47139      -121.06
 304.25468  76.47139      -316.63
 295.58732  76.49651      -873.52
 292.12454  76.50568      -985.30
 306.00015  76.58997      -181.96
 311.26118  76.59780         7.51
 300.73882  76.59780      -510.46
 297.20731  76.67701      -699.90
 293.68296  76.70922      -845.41
 309.54794  76.74165       -20.28
 302.45206  76.74165      -345.54
 313.12447  76.84553        42.96
 298.87553  76.84553      -528.39
 304.20651  76.87238      -207.31
 307.79349  76.87238       -55.98
 295.29371  76.90157      -694.95
 291.73064  76.91020      -796.49
 306.00015  76.98953      -100.14
 300.59077  77.00158      -368.87
 311.40924  77.00158        34.49
 296.95629  77.08220      -540.76
 289.73128  77.09896      -731.07
 309.64864  77.14466        19.81
 302.35137  77.14466      -230.08
 298.66983  77.25060      -391.54
 304.15524  77.27430      -118.02
 307.84476  77.27430        -2.79
 294.98091  77.30726      -549.10
 306.00015  77.39003       -35.07
 300.43300  77.40624      -256.11
 296.68863  77.48813      -415.94
 302.24400  77.54860      -141.63
 298.45031  77.65650      -289.16
 304.10055  77.67719       -52.37
 294.64694  77.71359      -440.22
 300.26450  77.81180      -176.29
 296.40258  77.89481      -329.29
 292.54503  77.92636      -454.25
 294.28956  78.12053      -367.91
 315.48209  60.73857      -827.57
 316.37599  60.88673      -873.08
 313.89717  61.21385      -644.36
 317.70520  62.21699      -684.76
 316.90652  62.46561      -566.49
 317.04819  62.86050      -495.57
 318.33556  63.79944      -467.76
 319.33438  63.94335      -576.57
 318.50461  64.19528      -438.15
 309.95943  64.61124      -830.92
 319.90422  65.13265      -517.50
 308.09954  66.13254     -1397.81
 322.75169  66.59832      -604.10
 326.79796  67.75834      -577.50
 328.35185  68.26221      -495.98
 309.41730  68.28775     -1220.60
 329.56892  68.36306      -481.55
 330.79270  68.45681      -452.11
 332.47288  68.93470      -348.14
 307.21813  69.77489     -1441.67
 307.26125  70.55272     -1274.28
 337.79050  71.00804      -259.97
 332.74310  71.11141      -151.61
 308.59204  71.18482      -914.26
 334.15287  71.19417      -182.05
 307.30796  71.33284     -1095.04
 331.84099  71.41226      -120.78
 308.64108  71.57713      -818.25
 334.71486  71.58239      -195.10
 330.90651  71.70739       -89.92
 333.82779  71.89132      -168.93
 335.30135  71.96968      -214.91
 331.41749  72.10021       -96.70
 307.35876  72.11543      -931.20
 306.00012  72.64090     -1080.91
 332.51076  72.88397      -118.53
 333.71063  73.66467      -136.07
 335.35185  73.74974      -192.37
 334.35546  74.05361      -143.76
 336.76184  74.52045      -220.97
 338.50064  74.58824      -288.72
 297.44322  76.27255      -886.19
 294.01641  76.30453     -1040.13
 294.16354  80.34989      -411.90
 296.36937  80.52143      -380.76
 333.02599  80.62027      -409.22
 298.66042  80.67721      -348.32
 345.03845  80.82981      -548.63
 338.96155  80.82981      -550.35
 343.58581  81.20533      -508.93
 345.29328  81.49979      -424.12
 330.28066  81.53088      -439.51
 303.24758  81.76491      -371.28
 308.75243  81.76491      -322.21
 306.00023  81.86597      -352.21
 317.52875  82.17625      -357.35
 328.01804  82.81098      -360.03
 321.66551  82.82449      -349.84
 322.58420  83.23728      -236.10
