 314.79269  76.67701        28.36
 315.04371  77.08220        26.71
 313.33017  77.25060        52.05
 311.56701  77.40624        72.25
 315.31138  77.48813        24.34
 309.75601  77.54860        79.85
 313.54970  77.65650        53.49
 307.89946  77.67719        70.34
 306.00016  77.79151        43.39
 311.73551  77.81180        79.00
 315.59743  77.89481        22.63
 302.12926  77.95350       -47.25
 309.87075  77.95350        92.60
 298.21548  78.06323      -139.74
 313.78452  78.06323        53.44
 304.04206  78.08106        17.15
 307.95794  78.08106        88.78
 290.38370  78.12582      -189.47
 306.00016  78.19398        66.20
 311.91589  78.21828        81.48
 300.08411  78.21828       -81.60
 315.90388  78.30222        22.32
 296.09613  78.30222      -160.10
 288.16434  78.31137      -180.16
 292.11158  78.33300      -187.07
 309.99367  78.35937        97.96
 302.00633  78.35937       -20.07
 297.96367  78.47081      -117.74
 314.03634  78.47081        52.43
 308.02063  78.48595        96.72
 303.97937  78.48595        35.44
 293.90618  78.52807      -174.95
 306.00017  78.59749        75.81
 299.89051  78.62569       -65.32
 312.10950  78.62569        79.90
 295.76700  78.71036      -150.44
 316.23301  78.71036        22.97
 301.87430  78.76624       -10.47
 310.12571  78.76624        95.92
 314.30708  78.87925        49.63
 297.69292  78.87925      -113.41
 303.91200  78.89189        38.11
 308.08801  78.89189        94.13
 306.00017  79.00205        72.32
 299.68214  79.03405       -66.76
 312.31787  79.03405        73.71
 295.41252  79.11923      -156.63
 316.58749  79.11923        22.92
 310.26792  79.17414        86.02
 301.73208  79.17414       -17.43
 297.40098  79.28853      -124.18
 314.59903  79.28853        43.39
 303.83937  79.29889        25.86
 308.16063  79.29889        80.78
 318.95101  79.34480         9.55
 306.00018  79.40769        55.97
 312.54278  79.44338        60.83
 299.45723  79.44338       -83.19
 316.97039  79.52878        19.07
 301.57843  79.58309       -39.40
 310.42157  79.58309        67.11
 335.26456  79.68138       -88.30
 314.91479  79.69866        31.27
 297.08522  79.69866      -147.28
 308.23915  79.70699        56.15
 303.76086  79.70699        -0.38
 319.43226  79.75391         5.64
 306.00019  79.81444        26.95
 330.97064  79.83173       -33.83
 312.78633  79.85367        39.54
 299.21368  79.85367      -111.83
 326.52905  79.92655        -1.95
 317.38531  79.93902         7.57
 333.65890  79.95893       -76.86
 321.98389  79.96297        -1.11
 301.41189  79.99310       -73.83
 310.58812  79.99310        37.21
 329.20808  80.08601       -28.95
 315.25745  80.10963        10.01
 303.67568  80.11621       -39.51
 308.32432  80.11621        19.54
 324.62327  80.15505       -10.89
 319.95464  80.16345        -8.78
 306.00019  80.22234       -14.47
 331.95563  80.22692       -68.66
 313.05096  80.26495         7.79
 327.34699  80.32920       -32.54
 317.83647  80.34989       -15.42
 322.62180  80.37094       -23.18
 310.76928  80.40419        -4.18
 301.23072  80.40419      -117.99
 330.15009  80.48456       -67.44
 315.63063  80.52143       -23.43
 303.58295  80.52659       -89.06
 308.41706  80.52659       -29.22
 325.38431  80.56046       -43.73
 320.52366  80.57334       -37.29
 306.00020  80.63141       -67.61
 313.33958  80.67721       -36.33
 328.23798  80.73100       -75.03
 318.32886  80.76134       -52.96
 323.31773  80.77886       -60.87
 310.96711  80.81639       -57.46
 301.03289  80.81639      -168.82
 331.17677  80.88162      -113.08
 316.03865  80.93403       -71.18
 303.48158  80.93814      -146.11
 308.51842  80.93814       -88.65
 326.21555  80.96534       -91.45
 321.14584  80.98348       -82.29
 306.00021  81.04168      -129.26
 298.34436  81.09046      -238.78
 313.65565  81.09046       -93.71
 329.21196  81.13167      -128.95
 318.86843  81.17333      -106.82
 324.07985  81.18660      -115.35
 300.81596  81.22971      -222.10
 311.18404  81.22971      -122.11
 316.48665  81.34740      -134.01
 327.12695  81.36947      -153.87
 321.82896  81.39376      -144.67
 314.00330  81.50468      -163.85
 319.46228  81.58575      -177.26
 324.91796  81.59395      -186.42
 316.98083  81.76149      -211.17
 322.58235  81.80402      -223.92
 320.11902  81.99852      -263.07
 322.63501  72.78890        55.60
 321.44999  73.02624        46.57
 322.99571  73.18875        46.07
 324.56289  73.34196        41.05
 321.78947  73.42664        37.11
 326.15062  73.48565        24.24
 323.37423  73.58875        40.19
 320.54484  73.65602        26.29
 324.98161  73.74124        38.61
 322.14600  73.82728        31.44
 326.61060  73.88388        23.79
 323.77195  73.98886        38.85
 320.87766  74.05718        20.47
 325.42177  74.14050        40.62
 322.52093  74.22812        30.09
 319.56883  74.27808        12.14
 327.09431  74.28195        27.84
 324.19042  74.38905        42.10
 321.22794  74.45865        18.27
 325.88507  74.53969        46.74
 322.91576  74.62916        32.76
 327.60363  74.67977        35.45
 319.89256  74.68004         8.85
 324.63130  74.78929        48.73
 329.34467  74.80904         2.84
 321.59713  74.86040        19.20
 318.51453  74.89187         5.38
 326.37340  74.93877        55.78
 323.33214  75.03034        38.46
 328.14067  75.07730        44.83
 320.23406  75.08237         7.61
 325.09649  75.18953        57.60
 329.93148  75.20461        11.01
 336.49787  75.21323      -226.79
 321.98684  75.26241        22.31
 318.82623  75.29464         2.52
 331.74402  75.32045       -43.55
 326.88888  75.33766        65.85
 333.57623  75.42457      -109.02
 323.77192  75.43164        45.53
 328.70773  75.47444        53.63
 320.59486  75.48507         7.54
 317.37357  75.49677         5.53
 335.42588  75.51677      -169.32
 325.58806  75.58971        67.03
 337.29050  75.59684      -205.45
 330.55126  75.59957        16.92
 322.39886  75.66465        26.41
 319.15584  75.69788        -0.16
 332.41742  75.71280       -40.27
 327.43381  75.73630        74.81
 334.30391  75.81386      -105.58
 324.23714  75.83300        52.90
 329.30741  75.87110        59.37
 320.97668  75.88811         7.91
 317.66967  75.90038         1.91
 336.20824  75.90255      -160.33
 326.10835  75.98977        75.31
 331.20683  75.99380        18.07
 322.83517  76.06708        30.60
 316.13650  76.09209        12.80
 319.50498  76.10157        -3.08
 333.12978  76.10413       -42.50
 328.01081  76.13460        80.60
 335.07371  76.20184      -106.74
 324.73010  76.23437        59.48
 329.94256  76.26717        59.86
 337.03580  76.28668      -153.03
 321.38144  76.29147         8.43
 317.98360  76.30453        -2.64
 331.90132  76.38717        12.66
 326.65993  76.38963        80.95
 323.29804  76.46965        34.60
 333.88450  76.49430       -50.96
 316.41268  76.49651         9.16
 319.87547  76.50568        -5.98
 328.62276  76.53246        81.49
 335.88924  76.58830      -111.59
 325.25338  76.63569        64.47
 330.61638  76.66254        53.60
 321.81131  76.69509         9.39
 318.31705  76.70922        -7.54
 332.63820  76.77952         0.07
 327.24571  76.78920        82.76
 323.78996  76.87231        38.34
 334.68533  76.88311       -64.74
 316.70630  76.90157         4.55
 320.26936  76.91020        -7.89
 329.27290  76.92978        76.25
 336.75450  76.97304      -117.38
 325.80984  77.03689        67.25
 331.33243  77.05705        39.98
 322.26872  77.09896        11.43
 318.67193  77.11444       -11.48
 333.42137  77.17068       -18.93
 327.86896  77.18839        79.83
 335.53643  77.27036       -81.25
 324.31378  77.27500        41.77
 317.01910  77.30726         0.36
 320.68899  77.31509        -7.69
 329.96488  77.32641        64.29
 337.67393  77.35580      -119.79
 326.40275  77.43786        67.22
 332.09472  77.45055        19.52
 322.75643  77.50300        14.97
 319.05041  77.52016       -12.83
 334.25516  77.56045       -42.12
 328.53334  77.58708        71.51
 336.44245  77.65580       -96.50
 324.87272  77.67765        44.53
 317.35306  77.71359        -1.83
 321.13697  77.72031        -4.62
 330.70275  77.72221        45.74
 327.03578  77.83852        63.61
 332.90771  77.84284        -6.14
 323.27755  77.90716        19.83
 319.45497  77.92636       -10.73
 335.14440  77.94860       -66.06
 329.24299  77.98512        57.45
 337.40856  78.03916      -105.65
 325.47040  78.08015        45.69
 331.49114  78.11699        21.51
 317.71044  78.12053        -0.99
 321.61631  78.12582         1.18
 333.77644  78.23370       -34.30
 327.71309  78.23872        55.51
 323.83566  78.31137        24.84
 319.88842  78.33300        -5.34
 336.09454  78.33486       -86.47
 330.00260  78.38236        37.69
 338.44055  78.42013      -103.81
 326.11097  78.48241        43.75
 332.33522  78.51056        -6.69
 318.09383  78.52807         2.61
 322.13043  78.53156         8.34
 334.70658  78.62289       -61.51
 328.43943  78.63833        42.03
 324.43483  78.71554        27.93
 337.11166  78.71893       -98.84
 320.35400  78.74005         1.72
 330.81750  78.77860        12.82
 326.79917  78.88429        36.83
 333.24089  78.90268       -36.40
 318.50620  78.93617         7.19
 322.68328  78.93744        14.22
 335.70451  79.01010       -83.88
 329.22019  79.03718        22.54
 338.20259  79.10045       -99.13
 325.07971  79.11954        26.32
 320.85544  79.14744         7.44
 331.69374  79.17362       -15.89
 327.54042  79.28564        23.13
 334.21480  79.29306       -64.65
 323.27939  79.34340        15.36
 336.77747  79.39500       -97.72
 330.06156  79.43506        -2.98
 339.37503  79.47901       -84.44
 325.77571  79.52327        17.16
 321.39706  79.55511         7.88
 332.63824  79.56717       -46.55
 328.34099  79.68629         1.37
 323.92401  79.74931         8.07
 325.30684  67.24633      -834.56
 324.44580  67.52113      -679.84
 325.61790  67.64303      -751.94
 324.74629  67.91816      -591.56
 325.94004  68.03965      -663.94
 327.14205  68.15437      -721.39
 323.85042  68.18731      -421.91
 325.05764  68.31516      -503.41
 326.27390  68.43617      -573.77
 324.15022  68.58463      -341.06
 328.73163  68.65721      -672.07
 325.38048  68.71211      -418.00
 329.97202  68.75703      -700.00
 326.62016  68.83257      -485.04
 323.21729  68.84783      -190.88
 331.21932  68.84956      -714.78
 327.86873  68.94589      -540.37
 324.46125  68.98197      -266.73
 333.73202  69.01237      -686.63
 329.12564  69.05194      -584.27
 322.25839  69.10451       -65.39
 325.71551  69.10901      -338.03
 330.39029  69.15062      -617.75
 326.97956  69.22884      -401.65
 331.66203  69.24182      -637.93
 323.51568  69.24548      -132.06
 332.94016  69.32544      -641.24
 328.25283  69.34133      -456.97
 324.78420  69.37930      -200.49
 334.22396  69.40137      -629.38
 329.53474  69.44635      -504.93
 322.54329  69.50241       -23.95
 326.06345  69.50583      -266.22
 330.82462  69.54380      -546.29
 327.35288  69.62495      -327.52
 332.12178  69.63356      -572.56
 323.82567  69.64319       -82.45
 333.42546  69.71553      -587.37
 328.65189  69.73652      -384.82
 325.11979  69.77662      -143.82
 334.73488  69.78961      -585.43
 329.95983  69.84041      -439.18
 336.04920  69.85571      -560.79
 322.83942  69.90042         8.58
 326.42509  69.90256      -205.14
 331.27598  69.93652      -486.36
 327.74100  70.02087      -266.09
 324.14799  70.04095       -42.46
 329.06683  70.13142      -327.73
 325.46881  70.17392       -98.01
 335.26589  70.17702      -555.03
 330.40190  70.23408      -389.30
 323.14750  70.29855        32.54
 326.80131  70.29918      -156.87
 328.14482  70.41659      -219.84
 324.48341  70.43875       -12.37
 329.49865  70.52601      -287.96
 325.83212  70.57116       -63.97
 327.19301  70.69565      -122.64
 323.46829  70.69678        48.27
 328.56536  70.81205      -189.79
 324.83278  70.83657         7.79
 329.94840  70.92023      -264.04
 326.21065  70.96834       -41.93
 331.34128  71.02006      -340.72
 327.60122  71.09194      -102.50
 323.80264  71.09510        56.28
 329.00371  71.20722      -175.19
 325.19702  71.23438        18.52
 330.41727  71.31405      -255.49
 322.74116  71.34648        82.28
 326.60540  71.36541       -31.18
 328.02702  71.48802       -95.19
 324.15146  71.49349        57.45
 329.46103  71.60207      -172.57
 325.57715  71.63217        20.98
 323.07335  71.74537        76.34
 327.01747  71.76235       -30.06
 328.47160  71.88385       -97.79
 324.51573  71.89193        53.21
 329.93861  71.99653      -179.54
 325.97424  72.02991        17.07
 323.42050  72.14438        67.28
 327.44805  72.15912       -35.97
 332.90714  72.19476      -358.89
 328.93625  72.27939      -106.61
 324.89654  72.29040        45.50
 322.29087  72.38921        67.24
 330.43784  72.39054      -191.57
 326.38949  72.42756         9.26
 331.95170  72.49243      -283.07
 323.78368  72.54350        57.03
 327.89844  72.55567       -45.43
 329.42239  72.67456      -118.11
 325.29508  72.68886        36.63
 330.96023  72.78405      -204.14
 326.82420  72.82509         0.35
 324.16405  72.94271        47.65
 328.37005  72.95197       -55.18
 329.93154  73.06933      -128.57
 325.71263  73.08729        28.91
 331.50744  73.17698      -213.45
 327.27979  73.22244        -6.98
 328.86445  73.34795       -62.46
 330.46540  73.46361      -135.16
 327.75783  73.61958       -10.70
 329.38334  73.74354       -65.45
 331.02579  73.85732      -136.45
 332.68371  73.96074      -214.15
 328.26004  74.01644        -9.90
 329.92858  74.13867       -63.65
 331.61474  74.25039      -132.53
 333.31689  74.35137      -205.63
 328.78829  74.41295        -4.90
 335.03324  74.44145      -268.16
 330.50222  74.53327       -57.93
 332.23447  74.64269      -124.95
 333.98321  74.74101      -193.63
 335.74645  74.82804      -248.10
 337.52207  74.90361      -272.22
 331.10654  74.92723       -50.34
 332.88740  75.03413      -116.20
 334.68525  75.12953      -180.77
 315.96282  62.31418      -599.61
 315.14048  62.55148      -456.93
 316.09111  62.70828      -568.85
 315.25881  62.94481      -419.79
 316.22294  63.10249      -541.14
 317.19380  63.25548      -673.44
 315.38044  63.33827      -386.63
 316.35848  63.49682      -514.79
 317.34355  63.65057      -653.05
 316.49791  63.89129      -487.45
 317.49764  64.04578      -628.38
 316.64142  64.28591      -456.55
 317.65628  64.44113      -596.60
 315.76673  64.51962      -292.35
 318.67871  64.59123      -731.35
 316.78921  64.68069      -419.89
 317.81970  64.83662      -555.50
 315.90323  64.91376      -256.32
 318.85809  64.98730      -686.68
 316.94149  65.07565      -376.17
 317.98814  65.23226      -504.13
 316.04392  65.30811      -216.42
 319.04304  65.38350      -629.20
 317.09850  65.47079      -325.37
 318.16186  65.62807      -443.03
 321.17687  65.66950      -839.27
 316.18901  65.70268      -173.31
 319.23384  65.77985      -560.10
 317.26048  65.86614      -268.83
 320.31425  65.92602      -669.35
 318.34114  66.02406      -374.31
 321.40288  66.06650      -766.28
 316.33874  66.09748      -128.70
 319.43079  66.17634      -482.20
 317.42770  66.26169      -209.09
 320.52926  66.32288      -586.55
 323.60385  66.32994      -917.57
 318.52626  66.42023      -301.30
 324.71564  66.45271      -972.42
 321.63631  66.46358      -683.35
 316.49336  66.49253       -84.97
 319.63423  66.57299      -399.45
 317.60042  66.65747      -149.40
 320.75142  66.71986      -498.56
 323.87511  66.72702      -845.82
 318.71754  66.81660      -228.02
 325.00627  66.84955      -908.92
 321.87756  66.86074      -594.72
 319.84451  66.96981      -316.33
 323.01239  66.99552      -684.68
 317.77897  67.05348       -93.15
 320.98111  67.11697      -409.95
 324.15560  67.12408      -765.55
 318.91533  67.21317      -158.42
 322.12706  67.25799      -504.64
 320.06201  67.36679      -237.05
 323.28207  67.39275      -596.05
 317.96364  67.44974       -43.16
 321.21875  67.51422      -324.83
 319.11999  67.60996       -95.76
 322.38526  67.65533      -416.84
 320.28713  67.76395      -164.97
 323.56123  67.79002      -507.59
 321.46480  67.91159      -246.35
 319.33191  68.00696       -42.15
 322.65268  68.05275      -334.16
 320.52032  68.16129      -102.20
 321.71973  68.30910      -176.49
 322.92983  68.45025      -258.47
 320.76203  68.55881       -49.61
 321.98408  68.70674      -116.13
 312.99628  61.05139      -517.23
 315.59769  61.13238      -710.93
 316.50352  61.28138      -787.36
 314.80384  61.37215      -595.92
 313.08158  61.44229      -445.49
 315.71626  61.52624      -671.68
 313.99434  61.60585      -481.40
 312.25049  61.66436      -358.26
 316.63435  61.67606      -760.31
 314.91313  61.76517      -545.71
 317.55806  61.82154      -846.82
 313.16909  61.83330      -376.71
 315.83792  61.92017      -634.06
 314.09404  61.99796      -422.83
 312.32804  62.05430      -287.28
 316.76863  62.07080      -735.08
 315.02530  62.15827      -498.96
 313.25889  62.22442      -313.48
 311.47116  62.26865      -214.70
 314.19639  62.39017      -369.62
 312.40764  62.44437      -223.96
 313.35110  62.61568      -257.51
 314.30151  62.78251      -322.75
 311.54025  62.65760      -156.30
 312.48938  62.83459      -169.66
 310.65674  62.86393      -109.32
 313.44583  63.00708      -209.48
 311.61121  63.04672      -108.52
 314.40953  63.17500      -282.11
 312.57337  63.22499      -124.81
 310.71660  63.25186       -72.89
 313.54318  63.39866      -169.11
 311.68414  63.43603       -71.50
 314.52059  63.56765      -246.72
 312.65972  63.61557       -89.00
 310.77814  63.64001       -48.30
 315.50552  63.73189      -355.75
 313.64330  63.79041      -135.39
 311.75913  63.82555       -44.74
 314.63483  63.96047      -214.96
 312.74853  64.00636       -61.28
 310.84143  64.02837       -34.91
 315.63423  64.12566      -325.01
 313.74631  64.18236      -106.96
 311.83627  64.21529       -27.37
 314.75240  64.35348      -185.08
 312.83993  64.39737       -40.56
 310.90654  64.41698       -31.88
 313.85235  64.57453       -82.49
 311.91567  64.60527       -18.51
 314.87348  64.74669      -155.61
 312.93403  64.78861       -25.89
 310.97358  64.80585       -38.44
 313.96158  64.96693       -61.06
 311.99745  64.99550       -17.48
 314.99824  65.14013      -125.77
 313.03099  65.18011       -16.76
 311.04264  65.19499       -54.02
 314.07415  65.35957       -42.38
 312.08172  65.38601       -23.97
 310.06969  65.38687      -128.55
 315.12686  65.53379       -95.66
 313.13094  65.57187       -13.15
 311.11381  65.58443       -78.24
 314.19024  65.75247       -26.87
 310.12737  65.77513      -171.30
 312.16861  65.77681       -37.91
 315.25955  65.92771       -66.25
 309.12255  65.95791      -293.07
 313.23404  65.96392       -15.39
 311.18722  65.97417      -110.71
 314.31004  66.14564       -15.38
 312.25826  66.16792       -59.26
 315.39652  66.32188       -39.12
 313.34045  66.35627       -23.88
 311.26297  66.36425      -150.75
 314.43373  66.53911        -8.90
 312.35082  66.55935       -87.59
 315.53800  66.71633       -16.01
 313.45036  66.74893       -38.61
 311.34119  66.75466      -196.93
 316.65312  66.88783       -44.73
 314.56154  66.93288        -8.05
 310.31172  66.94197      -339.35
 312.44643  66.95112      -121.72
 315.68423  67.11108         1.72
 313.56395  67.14193       -58.82
 311.42202  67.14544      -246.87
 316.81833  67.28340       -10.13
 314.69368  67.32697       -12.67
 310.37728  67.33165      -400.46
 312.54528  67.34325      -159.46
 315.83550  67.50612        13.48
 313.68143  67.53528       -82.72
 311.50561  67.53660      -297.10
 316.98927  67.67925        17.55
 314.83040  67.72140       -21.58
 310.44509  67.72174      -457.58
 312.64754  67.73575      -197.52
 318.15481  67.84624        -1.28
 315.99206  67.90148        19.77
 311.59209  67.92815      -343.20
 313.80302  67.92899      -107.51
 317.16627  68.07539        38.15
 310.51527  68.11223      -505.68
 314.97197  68.11617       -32.62
 312.75340  68.12865      -231.82
 318.35283  68.24301        31.90
 316.15425  68.29716        22.06
 311.68165  68.32012      -380.34
 313.92895  68.32308      -129.65
 319.55151  68.40419         1.59
 310.58795  68.50317      -539.78
 310.66330  68.89455      -555.76
 317.34970  68.47183        52.55
 315.11866  68.51131       -42.97
 312.86308  68.52195      -258.01
 318.55811  68.64004        56.86
 316.32237  68.69319        22.45
 311.77446  68.71252      -403.98
 314.05949  68.71756      -145.53
 319.77924  68.80165        35.76
 317.53993  68.86859        62.33
 315.27077  68.90682       -49.78
 312.97679  68.91567      -272.25
 321.01278  68.95652        -7.04
 318.77109  69.03735        74.84
 316.49680  69.08957        23.16
 311.87072  69.10537      -410.68
 314.19489  69.11245      -152.11
 320.01560  69.19934        61.35
 317.73737  69.26566        69.23
 310.74147  69.28641      -551.13
 315.42865  69.30272       -50.79
 313.09480  69.30983      -271.99
 321.27312  69.35441        26.27
 318.99223  69.43495        87.30
 316.67791  69.48631        25.88
 311.97063  69.49869      -398.88
 314.33548  69.50777      -147.70
 320.26111  69.59727        79.63
 317.94246  69.66306        74.61
 310.82262  69.67875      -525.65
 315.59264  69.69902       -44.93
 313.21735  69.70445      -256.58
 321.54364  69.75248        51.25
 319.22205  69.83282        95.44
 316.86612  69.88342        31.31
 312.07442  69.89249      -369.35
 314.48156  69.90352      -132.37
 320.51635  69.99543        91.67
 318.15570  70.06080        79.11
 310.90695  70.07161      -481.59
 315.76313  70.09573       -32.67
 313.34473  70.09954      -227.57
 321.82498  70.15073        68.73
 319.46108  70.23099        99.99
 309.71528  70.24154      -591.87
 317.06189  70.28091        39.00
 312.18235  70.28679      -325.17
 314.63348  70.29973      -108.07
 320.78193  70.39383        98.22
 318.37760  70.45887        82.56
 310.99466  70.46499      -423.45
 315.94054  70.49287       -15.88
 313.47727  70.49511      -188.48
 322.11783  70.54915        79.34
 319.70994  70.62945       101.12
 309.78206  70.63386      -523.09
 317.26570  70.67879        47.51
 312.29467  70.68160      -271.30
 314.79163  70.69640       -78.23
 321.05854  70.79246        99.75
 318.60872  70.85729        84.16
 311.08598  70.85891      -357.27
 316.12531  70.89045         2.56
 313.61528  70.89119      -144.19
 322.42295  70.94774        83.63
 309.85160  71.02675      -448.76
 319.96926  71.02820        98.70
 312.41167  71.07696      -213.72
 317.47810  71.07707        54.87
 314.95643  71.09355       -47.10
 321.34690  71.19133        96.63
 311.18113  71.25340      -289.65
 318.84970  71.25607        82.93
 313.75914  71.28779      -100.00
 316.31796  71.28847        19.48
 309.92408  71.42022      -375.53
 320.23975  71.42725        92.64
 312.53369  71.47286      -158.34
 317.69965  71.47575        59.16
 315.12831  71.49119       -18.80
 321.64781  71.59041        89.41
 311.28039  71.64847      -226.55
 319.10119  71.65519        78.19
 313.90926  71.68491       -60.60
 316.51901  71.68694        32.21
 309.99971  71.81430      -308.95
 320.52219  71.82658        83.24
 312.66105  71.86934      -109.93
 317.93100  71.87484        59.18
 315.30777  71.88933         3.51
 308.69225  71.97005      -407.07
 321.96215  71.98971        79.12
 311.38403  72.04414      -172.37
 319.36394  72.05466        69.95
 314.06607  72.08259       -29.26
 316.72905  72.08588        39.16
 310.07871  72.20901      -252.60
 320.81741  72.22619        71.39
 312.79414  72.26640       -71.42
 318.17283  72.27435        54.72
 315.49536  72.28799        18.19
 308.74572  72.36363      -351.86
 311.49238  72.44043      -129.32
 319.63875  72.45449        59.02
 314.23004  72.48082        -7.32
 316.94874  72.48529        40.13
 321.12634  72.62608        58.58
 312.93337  72.66406       -43.56
 318.42592  72.67427        46.64
 315.69165  72.68717        25.29
 319.92651  72.85466        46.92
 317.17877  72.88518        36.22
 307.38588  72.50769      -466.20
 310.16132  72.60436      -207.77
 308.80166  72.75787      -307.61
 311.60577  72.83735       -97.32
 314.40171  72.87963         5.78
 307.41425  72.90064      -424.25
 310.24780  73.00038      -173.44
 306.00012  73.03236      -547.63
 313.07921  73.06234       -25.12
 318.69110  73.07460        36.61
 315.89731  73.08689        26.28
 308.86023  73.15280      -272.45
 311.72458  73.23493       -74.43
 320.22819  73.25517        35.46
 314.58166  73.27903        12.00
 317.41994  73.28555        29.33
 307.44397  73.29428      -389.30
 310.33846  73.39708      -146.95
 306.00012  73.42452      -513.48
 313.23215  73.46125       -13.58
 318.96928  73.47535        26.54
 316.11304  73.48715        23.42
 308.92165  73.54843      -243.07
 311.84924  73.63319       -57.58
 314.77053  73.67902        13.97
 317.67310  73.68641        21.55
 304.52487  73.68865      -629.31
 307.47514  73.68865      -357.57
 310.43361  73.79449      -124.81
 306.00012  73.81741      -479.84
 313.39274  73.86081        -5.98
 319.26149  73.87651        18.07
 316.33963  73.88796        18.98
 308.98613  73.94480      -215.70
 311.98020  74.03213       -43.56
 314.96902  74.07963        14.15
 304.49213  74.08377      -591.34
 307.50787  74.08377      -325.13
 317.93920  74.08774        14.55
 310.53362  74.19262      -103.68
 306.00013  74.21105      -442.75
 313.56161  74.26103         0.23
 316.57795  74.28932        14.66
 309.05393  74.34192      -187.00
 312.11797  74.43178       -29.86
 304.45770  74.47965      -545.96
 307.54230  74.47965      -288.80
 315.17791  74.48085        14.17
 318.21929  74.48957         9.17
 310.63886  74.59150       -81.19
 306.00013  74.60546      -399.23
 313.73943  74.66193         6.57
 316.82898  74.69124        11.20
 309.12531  74.73981      -154.86
 312.26312  74.83216       -15.16
 307.57856  74.87632      -246.77
 304.42144  74.87632      -491.00
 315.39808  74.88270        14.62
 310.74980  74.99115       -56.37
 306.00013  75.00067      -347.88
 313.92696  75.06352        13.36
 317.09379  75.09373         8.39
 302.79943  75.13849      -559.10
 309.20058  75.13849      -118.72
 312.41628  75.23329         0.48
 304.38320  75.27380      -426.24
 307.61681  75.27380      -199.01
 315.63049  75.28519        15.10
 310.86692  75.39158       -29.71
 306.00014  75.39670      -289.18
 314.12505  75.46581        19.92
 302.71993  75.53800      -481.92
 309.28007  75.53800       -79.62
 312.57815  75.63517        16.00
 307.65722  75.67213      -147.09
 304.34279  75.67213      -353.53
 315.87623  75.68832        14.74
 310.99076  75.79282        -2.77
 301.00924  75.79282      -507.33
 306.00014  75.79358      -225.32
 314.33464  75.86882        25.13
 302.63583  75.93835      -397.55
 309.36417  75.93835       -39.69
 312.74953  76.03783        29.88
 307.69998  76.07132       -93.83
 304.30002  76.07132      -276.44
 292.49503  76.10157      -445.75
 306.00014  76.19133      -159.77
 311.12195  76.19489        22.40
 300.87805  76.19489      -415.51
 314.55679  76.27255        28.03
 309.45330  76.33956        -1.61
 302.54670  76.33956      -310.90
 312.93130  76.44128        40.80
 299.06870  76.44128      -407.35
 307.74533  76.47139       -42.57
 304.25468  76.47139      -199.62
 295.58732  76.49651      -417.20
 292.12454  76.50568      -370.21
 306.00015  76.58997       -96.58
 311.26118  76.59780        43.95
 300.73882  76.59780      -324.75
 297.20731  76.67701      -378.34
 293.68296  76.70922      -359.40
 309.54794  76.74165        32.11
 302.45206  76.74165      -227.63
 313.12447  76.84553        48.11
 298.87553  76.84553      -318.91
 304.20651  76.87238      -127.99
 307.79349  76.87238         3.44
 295.29371  76.90157      -336.99
 291.73064  76.91020      -300.49
 306.00015  76.98953       -39.68
 300.59077  77.00158      -241.33
 311.40924  77.00158        60.68
 296.95629  77.08220      -298.37
 289.73128  77.09896      -247.19
 309.64864  77.14466        59.60
 302.35137  77.14466      -153.19
 298.66983  77.25060      -241.97
 304.15524  77.27430       -65.97
 307.84476  77.27430        41.63
 294.98091  77.30726      -270.18
 306.00015  77.39003         7.71
 300.43300  77.40624      -170.70
 296.68863  77.48813      -233.54
 302.24400  77.54860       -92.08
 298.45031  77.65650      -181.34
 304.10055  77.67719       -16.91
 294.64694  77.71359      -220.39
 300.26450  77.81180      -116.79
 296.40258  77.89481      -187.33
 292.54503  77.92636      -203.35
 294.28956  78.12053      -188.25
 315.48209  60.73857      -749.49
 316.37599  60.88673      -814.38
 313.89717  61.21385      -543.38
 317.70520  62.21699      -833.21
 316.90652  62.46561      -712.55
 317.04819  62.86050      -692.48
 318.33556  63.79944      -785.91
 319.33438  63.94335      -899.53
 318.50461  64.19528      -763.76
 309.95943  64.61124       -69.83
 319.90422  65.13265      -803.20
 308.09954  66.13254      -433.19
 322.75169  66.59832      -770.25
 326.79796  67.75834      -809.07
 328.35185  68.26221      -762.36
 309.41730  68.28775      -672.65
 329.56892  68.36306      -786.82
 330.79270  68.45681      -795.40
 332.47288  68.93470      -709.25
 307.21813  69.77489      -932.47
 307.26125  70.55272      -804.53
 337.79050  71.00804      -496.52
 332.74310  71.11141      -414.36
 308.59204  71.18482      -547.25
 334.15287  71.19417      -475.01
 307.30796  71.33284      -651.17
 331.84099  71.41226      -339.38
 308.64108  71.57713      -473.06
 334.71486  71.58239      -477.75
 330.90651  71.70739      -259.10
 333.82779  71.89132      -425.54
 335.30135  71.96968      -480.80
 331.41749  72.10021      -270.02
 307.35876  72.11543      -517.82
 306.00012  72.64090      -586.35
 332.51076  72.88397      -293.62
 333.71063  73.66467      -295.24
 335.35185  73.74974      -354.80
 334.35546  74.05361      -284.68
 336.76184  74.52045      -304.53
 338.50064  74.58824      -301.53
 297.44322  76.27255      -467.93
 294.01641  76.30453      -437.82
 294.16354  80.34989      -232.16
 296.36937  80.52143      -215.99
 333.02599  80.62027      -105.80
 298.66042  80.67721      -193.61
 345.03845  80.82981       131.40
 338.96155  80.82981      -109.00
 343.58581  81.20533        20.54
 345.29328  81.49979        80.55
 330.28066  81.53088      -193.18
 303.24758  81.76491      -266.22
 308.75243  81.76491      -230.28
 306.00023  81.86597      -263.91
 317.52875  82.17625      -300.56
 328.01804  82.81098      -482.32
 321.66551  82.82449      -470.63
 322.58420  83.23728      -585.13
