 314.79269  76.67701        53.18
 315.04371  77.08220        67.34
 313.33017  77.25060        60.24
 311.56701  77.40624        45.93
 315.31138  77.48813        80.43
 309.75601  77.54860        24.50
 313.54970  77.65650        77.86
 307.89946  77.67719        -3.06
 306.00016  77.79151       -35.19
 311.73551  77.81180        68.43
 315.59743  77.89481        91.27
 302.12926  77.95350      -111.68
 309.87075  77.95350        51.92
 298.21548  78.06323      -188.91
 313.78452  78.06323        90.18
 304.04206  78.08106       -50.54
 307.95794  78.08106        28.80
 290.38370  78.12582      -304.91
 306.00016  78.19398         0.05
 311.91589  78.21828        82.16
 300.08411  78.21828      -128.55
 315.90388  78.30222        97.54
 296.09613  78.30222      -207.50
 288.16434  78.31137      -320.60
 292.11158  78.33300      -272.54
 309.99367  78.35937        66.90
 302.00633  78.35937       -72.26
 297.96367  78.47081      -155.76
 314.03634  78.47081        95.40
 308.02063  78.48595        44.63
 303.97937  78.48595       -23.46
 293.90618  78.52807      -234.47
 306.00017  78.59749        15.93
 299.89051  78.62569      -104.85
 312.10950  78.62569        85.59
 295.76700  78.71036      -192.89
 316.23301  78.71036        96.23
 301.87430  78.76624       -58.75
 310.12571  78.76624        68.27
 314.30708  78.87925        90.75
 297.69292  78.87925      -150.33
 303.91200  78.89189       -19.48
 308.08801  78.89189        43.64
 306.00017  79.00205        12.13
 299.68214  79.03405      -108.77
 312.31787  79.03405        77.12
 295.41252  79.11923      -204.95
 316.58749  79.11923        85.12
 310.26792  79.17414        55.21
 301.73208  79.17414       -70.50
 297.40098  79.28853      -170.42
 314.59903  79.28853        74.06
 303.83937  79.29889       -37.62
 308.16063  79.29889        25.85
 318.95101  79.34480        70.30
 306.00018  79.40769       -10.50
 312.54278  79.44338        54.83
 299.45723  79.44338      -136.72
 316.97039  79.52878        61.39
 301.57843  79.58309      -104.77
 310.42157  79.58309        27.34
 335.26456  79.68138      -272.14
 314.91479  79.69866        44.15
 297.08522  79.69866      -211.44
 308.23915  79.70699        -7.91
 303.76086  79.70699       -75.30
 319.43226  79.75391        37.60
 306.00019  79.81444       -49.90
 330.97064  79.83173      -147.60
 312.78633  79.85367        18.65
 299.21368  79.85367      -183.25
 326.52905  79.92655       -56.48
 317.38531  79.93902        23.09
 333.65890  79.95893      -237.74
 321.98389  79.96297        -0.16
 301.41189  79.99310      -155.30
 310.58812  79.99310       -14.81
 329.20808  80.08601      -129.37
 315.25745  80.10963         0.22
 303.67568  80.11621      -128.38
 308.32432  80.11621       -55.81
 324.62327  80.15505       -53.31
 319.95464  80.16345       -10.83
 306.00019  80.22234      -102.79
 331.95563  80.22692      -211.81
 313.05096  80.26495       -30.53
 327.34699  80.32920      -120.12
 317.83647  80.34989       -29.96
 322.62180  80.37094       -59.11
 310.76928  80.40419       -68.62
 301.23072  80.40419      -215.30
 330.15009  80.48456      -195.45
 315.63063  80.52143       -56.83
 303.58295  80.52659      -189.21
 308.41706  80.52659      -113.60
 325.38431  80.56046      -120.24
 320.52366  80.57334       -73.50
 306.00020  80.63141      -164.75
 313.33958  80.67721       -90.60
 328.23798  80.73100      -189.08
 318.32886  80.76134       -95.48
 323.31773  80.77886      -129.23
 310.96711  80.81639      -130.62
 301.03289  80.81639      -277.35
 331.17677  80.88162      -257.88
 316.03865  80.93403      -123.82
 303.48158  80.93814      -251.42
 308.51842  80.93814      -176.42
 326.21555  80.96534      -192.14
 321.14584  80.98348      -145.80
 306.00021  81.04168      -227.34
 298.34436  81.09046      -358.02
 313.65565  81.09046      -157.48
 329.21196  81.13167      -254.16
 318.86843  81.17333      -168.24
 324.07985  81.18660      -203.13
 300.81596  81.22971      -333.57
 311.18404  81.22971      -195.85
 316.48665  81.34740      -194.97
 327.12695  81.36947      -259.20
 321.82896  81.39376      -219.87
 314.00330  81.50468      -224.94
 319.46228  81.58575      -240.10
 324.91796  81.59395      -270.52
 316.98083  81.76149      -262.03
 322.58235  81.80402      -285.18
 320.11902  81.99852      -300.53
 322.63501  72.78890        42.42
 321.44999  73.02624        62.93
 322.99571  73.18875        30.81
 324.56289  73.34196         1.09
 321.78947  73.42664        51.51
 326.15062  73.48565       -21.16
 323.37423  73.58875        21.72
 320.54484  73.65602        69.11
 324.98161  73.74124        -3.17
 322.14600  73.82728        41.86
 326.61060  73.88388       -19.16
 323.77195  73.98886        15.80
 320.87766  74.05718        59.48
 325.42177  74.14050        -3.47
 322.52093  74.22812        34.54
 319.56883  74.27808        71.71
 327.09431  74.28195       -12.97
 324.19042  74.38905        13.21
 321.22794  74.45865        51.23
 325.88507  74.53969         0.07
 322.91576  74.62916        29.75
 327.60363  74.67977        -3.14
 319.89256  74.68004        63.40
 324.63130  74.78929        13.70
 329.34467  74.80904         1.72
 321.59713  74.86040        44.72
 318.51453  74.89187        68.16
 326.37340  74.93877         6.82
 323.33214  75.03034        27.43
 328.14067  75.07730         9.12
 320.23406  75.08237        56.25
 325.09649  75.18953        16.96
 329.93148  75.20461        16.95
 336.49787  75.21323       -28.94
 321.98684  75.26241        40.20
 318.82623  75.29464        62.15
 331.74402  75.32045        23.43
 326.88888  75.33766        15.79
 333.57623  75.42457        19.16
 323.77192  75.43164        27.34
 328.70773  75.47444        21.90
 320.59486  75.48507        50.79
 317.37357  75.49677        60.12
 335.42588  75.51677        -6.11
 325.58806  75.58971        22.38
 337.29050  75.59684       -61.02
 330.55126  75.59957        29.51
 322.39886  75.66465        37.80
 319.15584  75.69788        57.70
 332.41742  75.71280        29.72
 327.43381  75.73630        25.52
 334.30391  75.81386        11.89
 324.23714  75.83300        29.57
 329.30741  75.87110        32.56
 320.97668  75.88811        47.58
 317.66967  75.90038        59.14
 336.20824  75.90255       -33.97
 326.10835  75.98977        29.05
 331.20683  75.99380        35.60
 322.83517  76.06708        37.77
 316.13650  76.09209        53.31
 319.50498  76.10157        55.47
 333.12978  76.10413        24.21
 328.01081  76.13460        34.01
 335.07371  76.20184       -12.41
 324.73010  76.23437        33.72
 329.94256  76.26717        37.99
 337.03580  76.28668       -82.50
 321.38144  76.29147        46.90
 317.98360  76.30453        60.16
 331.90132  76.38717        31.33
 326.65993  76.38963        35.59
 323.29804  76.46965        40.36
 333.88450  76.49430         3.09
 316.41268  76.49651        59.94
 319.87547  76.50568        56.12
 328.62276  76.53246        38.76
 335.88924  76.58830       -56.21
 325.25338  76.63569        38.92
 330.61638  76.66254        34.83
 321.81131  76.69509        49.14
 318.31705  76.70922        63.62
 332.63820  76.77952        13.31
 327.24571  76.78920        40.03
 323.78996  76.87231        45.02
 334.68533  76.88311       -35.89
 316.70630  76.90157        67.97
 320.26936  76.91020        59.37
 329.27290  76.92978        36.94
 336.75450  76.97304      -119.40
 325.80984  77.03689        43.57
 331.33243  77.05705        20.08
 322.26872  77.09896        54.04
 318.67193  77.11444        69.60
 333.42137  77.17068       -20.55
 327.86896  77.18839        39.86
 335.53643  77.27036       -92.67
 324.31378  77.27500        50.31
 317.01910  77.30726        77.13
 320.68899  77.31509        65.12
 329.96488  77.32641        25.70
 337.67393  77.35580      -198.89
 326.40275  77.43786        45.26
 332.09472  77.45055        -8.38
 322.75643  77.50300        60.13
 319.05041  77.52016        76.59
 334.25516  77.56045       -70.47
 328.53334  77.58708        32.24
 336.44245  77.65580      -164.62
 324.87272  77.67765        53.75
 317.35306  77.71359        86.27
 321.13697  77.72031        71.86
 330.70275  77.72221         2.74
 327.03578  77.83852        40.97
 332.90771  77.84284       -51.19
 323.27755  77.90716        64.78
 319.45497  77.92636        83.53
 335.14440  77.94860      -134.43
 329.24299  77.98512        14.46
 337.40856  78.03916      -246.65
 325.47040  78.08015        52.03
 331.49114  78.11699       -33.20
 317.71044  78.12053        92.82
 321.61631  78.12582        76.79
 333.77644  78.23370      -107.16
 327.71309  78.23872        27.52
 323.83566  78.31137        64.38
 319.88842  78.33300        87.53
 336.09454  78.33486      -208.26
 330.00260  78.38236       -15.42
 338.44055  78.42013      -331.86
 326.11097  78.48241        41.48
 332.33522  78.51056       -81.80
 318.09383  78.52807        94.69
 322.13043  78.53156        76.08
 334.70658  78.62289      -173.09
 328.43943  78.63833         2.25
 324.43483  78.71554        54.87
 337.11166  78.71893      -286.03
 320.35400  78.74005        84.81
 330.81750  78.77860       -57.98
 326.79917  78.88429        18.86
 333.24089  78.90268      -140.87
 318.50620  78.93617        88.38
 322.68328  78.93744        65.56
 335.70451  79.01010      -244.01
 329.22019  79.03718       -36.19
 338.20259  79.10045      -360.73
 325.07971  79.11954        32.64
 320.85544  79.14744        71.31
 331.69374  79.17362      -111.91
 327.54042  79.28564       -17.77
 334.21480  79.29306      -206.28
 323.27939  79.34340        41.51
 336.77747  79.39500      -313.58
 330.06156  79.43506       -87.17
 339.37503  79.47901      -425.06
 325.77571  79.52327        -4.52
 321.39706  79.55511        43.58
 332.63824  79.56717      -173.71
 328.34099  79.68629       -68.17
 323.92401  79.74931         1.77
 325.30684  67.24633      -556.68
 324.44580  67.52113      -467.10
 325.61790  67.64303      -512.41
 324.74629  67.91816      -421.02
 325.94004  68.03965      -462.65
 327.14205  68.15437      -477.73
 323.85042  68.18731      -310.45
 325.05764  68.31516      -371.56
 326.27390  68.43617      -409.79
 324.15022  68.58463      -265.15
 328.73163  68.65721      -418.78
 325.38048  68.71211      -321.16
 329.97202  68.75703      -401.06
 326.62016  68.83257      -356.24
 323.21729  68.84783      -156.54
 331.21932  68.84956      -377.23
 327.86873  68.94589      -369.85
 324.46125  68.98197      -220.99
 333.73202  69.01237      -309.71
 329.12564  69.05194      -366.22
 322.25839  69.10451       -59.91
 325.71551  69.10901      -272.19
 330.39029  69.15062      -351.38
 326.97956  69.22884      -304.30
 331.66203  69.24182      -328.25
 323.51568  69.24548      -121.01
 332.94016  69.32544      -297.20
 328.25283  69.34133      -317.23
 324.78420  69.37930      -180.11
 334.22396  69.40137      -257.93
 329.53474  69.44635      -314.86
 322.54329  69.50241       -33.37
 326.06345  69.50583      -226.77
 330.82462  69.54380      -302.03
 327.35288  69.62495      -256.02
 332.12178  69.63356      -278.01
 323.82567  69.64319       -90.08
 333.42546  69.71553      -246.74
 328.65189  69.73652      -268.11
 325.11979  69.77662      -144.32
 334.73488  69.78961      -204.90
 329.95983  69.84041      -266.47
 336.04920  69.85571      -148.20
 322.83942  69.90042       -12.09
 326.42509  69.90256      -186.64
 331.27598  69.93652      -252.70
 327.74100  70.02087      -213.00
 324.14799  70.04095       -65.18
 329.06683  70.13142      -223.99
 325.46881  70.17392      -114.86
 335.26589  70.17702      -154.11
 330.40190  70.23408      -221.80
 323.14750  70.29855         2.83
 326.80131  70.29918      -152.92
 328.14482  70.41659      -176.31
 324.48341  70.43875       -47.06
 329.49865  70.52601      -185.86
 325.83212  70.57116       -92.30
 327.19301  70.69565      -126.08
 323.46829  70.69678        11.02
 328.56536  70.81205      -146.34
 324.83278  70.83657       -35.74
 329.94840  70.92023      -153.16
 326.21065  70.96834       -76.45
 331.34128  71.02006      -148.48
 327.60122  71.09194      -105.87
 323.80264  71.09510        12.88
 329.00371  71.20722      -122.75
 325.19702  71.23438       -30.46
 330.41727  71.31405      -126.72
 322.74116  71.34648        51.14
 326.60540  71.36541       -66.48
 328.02702  71.48802       -91.44
 324.15146  71.49349         9.58
 329.46103  71.60207      -104.01
 325.57715  71.63217       -29.88
 323.07335  71.74537        42.47
 327.01747  71.76235       -60.99
 328.47160  71.88385       -81.08
 324.51573  71.89193         2.83
 329.93861  71.99653       -89.77
 325.97424  72.02991       -32.22
 323.42050  72.14438        31.24
 327.44805  72.15912       -58.22
 332.90714  72.19476       -82.58
 328.93625  72.27939       -73.03
 324.89654  72.29040        -5.43
 322.29087  72.38921        55.36
 330.43784  72.39054       -78.19
 326.38949  72.42756       -35.56
 331.95170  72.49243       -75.85
 323.78368  72.54350        19.45
 327.89844  72.55567       -55.85
 329.42239  72.67456       -65.77
 325.29508  72.68886       -13.24
 330.96023  72.78405       -67.35
 326.82420  72.82509       -37.97
 324.16405  72.94271         8.93
 328.37005  72.95197       -52.30
 329.93154  73.06933       -57.43
 325.71263  73.08729       -18.93
 331.50744  73.17698       -55.56
 327.27979  73.22244       -37.52
 328.86445  73.34795       -46.15
 330.46540  73.46361       -46.59
 327.75783  73.61958       -33.42
 329.38334  73.74354       -36.41
 331.02579  73.85732       -32.70
 332.68371  73.96074       -26.54
 328.26004  74.01644       -25.17
 329.92858  74.13867       -22.96
 331.61474  74.25039       -16.39
 333.31689  74.35137       -11.33
 328.78829  74.41295       -13.05
 335.03324  74.44145       -15.20
 330.50222  74.53327        -6.79
 332.23447  74.64269         0.24
 333.98321  74.74101         0.35
 335.74645  74.82804       -15.22
 337.52207  74.90361       -54.48
 331.10654  74.92723         9.82
 332.88740  75.03413        13.63
 334.68525  75.12953         3.82
 315.96282  62.31418      -192.17
 315.14048  62.55148      -271.52
 316.09111  62.70828      -190.43
 315.25881  62.94481      -244.66
 316.22294  63.10249      -176.31
 317.19380  63.25548      -131.43
 315.38044  63.33827      -208.54
 316.35848  63.49682      -154.68
 317.34355  63.65057      -129.84
 316.49791  63.89129      -129.89
 317.49764  64.04578      -124.11
 316.64142  64.28591      -105.39
 317.65628  64.44113      -116.39
 315.76673  64.51962       -96.42
 318.67871  64.59123      -163.00
 316.78921  64.68069       -83.62
 317.81970  64.83662      -108.05
 315.90323  64.91376       -69.82
 318.85809  64.98730      -167.63
 316.94149  65.07565       -65.98
 317.98814  65.23226       -99.79
 316.04392  65.30811       -51.57
 319.04304  65.38350      -167.79
 317.09850  65.47079       -52.97
 318.16186  65.62807       -91.77
 321.17687  65.66950      -370.61
 316.18901  65.70268       -41.73
 319.23384  65.77985      -163.67
 317.26048  65.86614       -44.35
 320.31425  65.92602      -260.04
 318.34114  66.02406       -83.80
 321.40288  66.06650      -368.34
 316.33874  66.09748       -39.39
 319.43079  66.17634      -155.43
 317.42770  66.26169       -39.28
 320.52926  66.32288      -250.30
 323.60385  66.32994      -561.24
 318.52626  66.42023       -75.44
 324.71564  66.45271      -619.60
 321.63631  66.46358      -355.71
 316.49336  66.49253       -42.87
 319.63423  66.57299      -143.24
 317.60042  66.65747       -36.49
 320.75142  66.71986      -233.75
 323.87511  66.72702      -539.51
 318.71754  66.81660       -66.08
 325.00627  66.84955      -593.16
 321.87756  66.86074      -334.22
 319.84451  66.96981      -127.33
 323.01239  66.99552      -429.99
 317.77897  67.05348       -34.38
 320.98111  67.11697      -211.39
 324.15560  67.12408      -507.37
 318.91533  67.21317       -55.08
 322.12706  67.25799      -305.52
 320.06201  67.36679      -108.04
 323.28207  67.39275      -395.17
 317.96364  67.44974       -31.27
 321.21875  67.51422      -184.42
 319.11999  67.60996       -41.90
 322.38526  67.65533      -271.42
 320.28713  67.76395       -85.84
 323.56123  67.79002      -354.56
 321.46480  67.91159      -154.17
 319.33191  68.00696       -26.19
 322.65268  68.05275      -233.85
 320.52032  68.16129       -61.47
 321.71973  68.30910      -122.15
 322.92983  68.45025      -194.85
 320.76203  68.55881       -36.01
 321.98408  68.70674       -90.12
 312.99628  61.05139      -399.73
 315.59769  61.13238       -79.70
 316.50352  61.28138        35.09
 314.80384  61.37215      -240.49
 313.08158  61.44229      -445.34
 315.71626  61.52624      -140.11
 313.99434  61.60585      -364.59
 312.25049  61.66436      -545.14
 316.63435  61.67606       -32.24
 314.91313  61.76517      -274.27
 317.55806  61.82154        70.85
 313.16909  61.83330      -461.99
 315.83792  61.92017      -176.75
 314.09404  61.99796      -374.58
 312.32804  62.05430      -544.64
 316.76863  62.07080       -79.85
 315.02530  62.15827      -283.21
 313.25889  62.22442      -452.65
 311.47116  62.26865      -623.29
 314.19639  62.39017      -360.79
 312.40764  62.44437      -521.53
 313.35110  62.61568      -422.47
 314.30151  62.78251      -328.80
 311.54025  62.65760      -592.32
 312.48938  62.83459      -481.80
 310.65674  62.86393      -671.67
 313.44583  63.00708      -377.89
 311.61121  63.04672      -549.69
 314.40953  63.17500      -285.04
 312.57337  63.22499      -432.32
 310.71660  63.25186      -631.90
 313.54318  63.39866      -325.84
 311.68414  63.43603      -502.16
 314.52059  63.56765      -236.04
 312.65972  63.61557      -380.00
 310.77814  63.64001      -591.80
 315.50552  63.73189      -168.79
 313.64330  63.79041      -272.97
 311.75913  63.82555      -456.18
 314.63483  63.96047      -187.73
 312.74853  64.00636      -331.13
 310.84143  64.02837      -556.99
 315.63423  64.12566      -130.20
 313.74631  64.18236      -225.03
 311.83627  64.21529      -417.31
 314.75240  64.35348      -144.89
 312.83993  64.39737      -290.86
 310.90654  64.41698      -532.04
 313.85235  64.57453      -186.42
 311.91567  64.60527      -389.83
 314.87348  64.74669      -111.01
 312.93403  64.78861      -262.93
 310.97358  64.80585      -520.22
 313.96158  64.96693      -160.11
 311.99745  64.99550      -376.59
 314.99824  65.14013       -88.09
 313.03099  65.18011      -249.54
 311.04264  65.19499      -523.40
 314.07415  65.35957      -147.50
 312.08172  65.38601      -378.92
 310.06969  65.38687      -694.44
 315.12686  65.53379       -76.80
 313.13094  65.57187      -251.34
 311.11381  65.58443      -542.01
 314.19024  65.75247      -148.56
 310.12737  65.77513      -728.47
 312.16861  65.77681      -396.61
 315.25955  65.92771       -76.52
 309.12255  65.95791      -926.21
 313.23404  65.96392      -267.44
 311.18722  65.97417      -575.02
 314.31004  66.14564      -161.82
 312.25826  66.16792      -427.94
 315.39652  66.32188       -85.50
 313.34045  66.35627      -295.52
 311.26297  66.36425      -619.93
 314.43373  66.53911      -184.60
 312.35082  66.55935      -469.73
 315.53800  66.71633      -101.04
 313.45036  66.74893      -331.91
 311.34119  66.75466      -672.79
 316.65312  66.88783       -49.84
 314.56154  66.93288      -213.11
 310.31172  66.94197      -891.78
 312.44643  66.95112      -517.45
 315.68423  67.11108      -119.68
 313.56395  67.14193      -371.84
 311.42202  67.14544      -728.38
 316.81833  67.28340       -57.59
 314.69368  67.32697      -242.78
 310.37728  67.33165      -951.61
 312.54528  67.34325      -565.49
 315.83550  67.50612      -137.54
 313.68143  67.53528      -409.77
 311.50561  67.53660      -780.49
 316.98927  67.67925       -63.30
 314.83040  67.72140      -268.69
 310.44509  67.72174     -1003.99
 312.64754  67.73575      -607.61
 318.15481  67.84624       -25.59
 315.99206  67.90148      -150.74
 311.59209  67.92815      -822.47
 313.80302  67.92899      -439.95
 317.16627  68.07539       -64.42
 310.51527  68.11223     -1042.17
 314.97197  68.11617      -286.08
 312.75340  68.12865      -637.56
 318.35283  68.24301       -16.19
 316.15425  68.29716      -155.89
 311.68165  68.32012      -847.97
 313.92895  68.32308      -457.11
 319.55151  68.40419        -8.06
 310.58795  68.50317     -1060.09
 310.66330  68.89455     -1053.20
 317.34970  68.47183       -59.08
 315.11866  68.51131      -291.06
 312.86308  68.52195      -649.91
 318.55811  68.64004        -2.60
 316.32237  68.69319      -150.69
 311.77446  68.71252      -851.83
 314.05949  68.71756      -457.17
 319.77924  68.80165        11.85
 317.53993  68.86859       -46.48
 315.27077  68.90682      -281.19
 312.97679  68.91567      -640.87
 321.01278  68.95652       -10.87
 318.77109  69.03735        14.76
 316.49680  69.08957      -134.30
 311.87072  69.10537      -830.87
 314.19489  69.11245      -438.01
 320.01560  69.19934        32.29
 317.73737  69.26566       -27.08
 310.74147  69.28641     -1019.28
 315.42865  69.30272      -256.00
 313.09480  69.30983      -608.98
 321.27312  69.35441        12.28
 318.99223  69.43495        34.59
 316.67791  69.48631      -107.59
 311.97063  69.49869      -784.60
 314.33548  69.50777      -399.88
 320.26111  69.59727        51.57
 317.94246  69.66306        -2.59
 310.82262  69.67875      -958.99
 315.59264  69.69902      -217.13
 313.21735  69.70445      -555.46
 321.54364  69.75248        31.70
 319.22205  69.83282        54.87
 316.86612  69.88342       -73.03
 312.07442  69.89249      -715.45
 314.48156  69.90352      -345.44
 320.51635  69.99543        67.81
 318.15570  70.06080        24.30
 310.90695  70.07161      -875.96
 315.76313  70.09573      -168.11
 313.34473  70.09954      -484.23
 321.82498  70.15073        45.89
 319.46108  70.23099        73.23
 309.71528  70.24154     -1035.26
 317.06189  70.28091       -34.31
 312.18235  70.28679      -628.53
 314.63348  70.29973      -279.48
 320.78193  70.39383        79.31
 318.37760  70.45887        50.42
 310.99466  70.46499      -776.37
 315.94054  70.49287      -113.80
 313.47727  70.49511      -401.30
 322.11783  70.54915        53.85
 319.70994  70.62945        87.48
 309.78206  70.63386      -927.16
 317.26570  70.67879         4.38
 312.29467  70.68160      -530.90
 314.79163  70.69640      -208.09
 321.05854  70.79246        84.93
 318.60872  70.85729        72.80
 311.08598  70.85891      -668.06
 316.12531  70.89045       -59.55
 313.61528  70.89119      -313.84
 322.42295  70.94774        55.39
 309.85160  71.02675      -812.90
 319.96926  71.02820        96.04
 312.41167  71.07696      -430.53
 317.47810  71.07707        39.09
 314.95643  71.09355      -137.69
 321.34690  71.19133        84.37
 311.18113  71.25340      -559.30
 318.84970  71.25607        89.17
 313.75914  71.28779      -229.05
 316.31796  71.28847       -10.28
 309.92408  71.42022      -700.61
 320.23975  71.42725        98.25
 312.53369  71.47286      -334.98
 317.69965  71.47575        66.81
 315.12831  71.49119       -73.95
 321.64781  71.59041        78.24
 311.28039  71.64847      -457.54
 319.10119  71.65519        98.41
 313.90926  71.68491      -153.04
 316.51901  71.68694        30.33
 309.99971  71.81430      -597.18
 320.52219  71.82658        94.55
 312.66105  71.86934      -250.31
 317.93100  71.87484        85.90
 315.30777  71.88933       -20.99
 308.69225  71.97005      -750.51
 321.96215  71.98971        67.95
 311.38403  72.04414      -368.35
 319.36394  72.05466       100.64
 314.06607  72.08259       -89.96
 316.72905  72.08588        60.28
 310.07871  72.20901      -507.26
 320.81741  72.22619        86.20
 312.79414  72.26640      -180.30
 318.17283  72.27435        96.22
 315.49536  72.28799        19.11
 308.74572  72.36363      -662.70
 311.49238  72.44043      -294.74
 319.63875  72.45449        97.00
 314.23004  72.48082       -41.63
 316.94874  72.48529        79.35
 321.12634  72.62608        75.04
 312.93337  72.66406      -126.18
 318.42592  72.67427        98.90
 315.69165  72.68717        46.32
 319.92651  72.85466        89.29
 317.17877  72.88518        88.80
 307.38588  72.50769      -825.12
 310.16132  72.60436      -432.81
 308.80166  72.75787      -589.26
 311.60577  72.83735      -237.06
 314.40171  72.87963        -7.63
 307.41425  72.90064      -753.62
 310.24780  73.00038      -373.16
 306.00012  73.03236      -911.18
 313.07921  73.06234       -86.82
 318.69110  73.07460        95.80
 315.89731  73.08689        62.24
 308.86023  73.15280      -528.47
 311.72458  73.23493      -193.37
 320.22819  73.25517        79.44
 314.58166  73.27903        14.20
 317.41994  73.28555        90.80
 307.44397  73.29428      -691.96
 310.33846  73.39708      -325.56
 306.00012  73.42452      -848.72
 313.23215  73.46125       -59.44
 318.96928  73.47535        89.07
 316.11304  73.48715        69.47
 308.92165  73.54843      -476.87
 311.84924  73.63319      -160.27
 314.77053  73.67902        26.94
 317.67310  73.68641        87.78
 304.52487  73.68865      -976.27
 307.47514  73.68865      -636.10
 310.43361  73.79449      -286.07
 306.00012  73.81741      -788.65
 313.39274  73.86081       -40.45
 319.26149  73.87651        80.57
 316.33963  73.88796        70.86
 308.98613  73.94480      -430.15
 311.98020  74.03213      -133.79
 314.96902  74.07963        33.87
 304.49213  74.08377      -909.42
 307.50787  74.08377      -581.59
 317.93920  74.08774        81.95
 310.53362  74.19262      -250.57
 306.00013  74.21105      -726.52
 313.56161  74.26103       -26.30
 316.57795  74.28932        68.98
 309.05393  74.34192      -384.25
 312.11797  74.43178      -110.31
 304.45770  74.47965      -836.04
 307.54230  74.47965      -524.60
 315.17791  74.48085        37.80
 318.21929  74.48957        75.02
 310.63886  74.59150      -215.61
 306.00013  74.60546      -658.85
 313.73943  74.66193       -14.14
 316.82898  74.69124        65.77
 309.12531  74.73981      -336.11
 312.26312  74.83216       -87.20
 307.57856  74.87632      -462.61
 304.42144  74.87632      -753.56
 315.39808  74.88270        40.75
 310.74980  74.99115      -179.01
 306.00013  75.00067      -583.75
 313.92696  75.06352        -2.10
 317.09379  75.09373        62.54
 302.79943  75.13849      -809.59
 309.20058  75.13849      -284.23
 312.41628  75.23329       -63.02
 304.38320  75.27380      -661.49
 307.61681  75.27380      -394.92
 315.63049  75.28519        43.95
 310.86692  75.39158      -140.05
 306.00014  75.39670      -501.31
 314.12505  75.46581        10.70
 302.71993  75.53800      -703.11
 309.28007  75.53800      -228.77
 312.57815  75.63517       -37.55
 307.65722  75.67213      -322.61
 304.34279  75.67213      -561.50
 315.87623  75.68832        48.04
 310.99076  75.79282       -99.34
 301.00924  75.79282      -706.41
 306.00014  75.79358      -413.49
 314.33464  75.86882        24.38
 302.63583  75.93835      -589.52
 309.36417  75.93835      -171.30
 312.74953  76.03783       -11.37
 307.69998  76.07132      -248.27
 304.30002  76.07132      -457.15
 292.49503  76.10157      -570.61
 306.00014  76.19133      -323.78
 311.12195  76.19489       -58.41
 300.87805  76.19489      -585.40
 314.55679  76.27255        38.69
 309.45330  76.33956      -114.37
 302.54670  76.33956      -473.82
 312.93130  76.44128        14.44
 299.06870  76.44128      -554.78
 307.74533  76.47139      -175.41
 304.25468  76.47139      -353.36
 295.58732  76.49651      -553.69
 292.12454  76.50568      -501.44
 306.00015  76.58997      -236.61
 311.26118  76.59780       -19.23
 300.73882  76.59780      -465.47
 297.20731  76.67701      -507.72
 293.68296  76.70922      -488.99
 309.54794  76.74165       -60.90
 302.45206  76.74165      -362.07
 313.12447  76.84553        38.70
 298.87553  76.84553      -438.80
 304.20651  76.87238      -255.69
 307.79349  76.87238      -107.90
 295.29371  76.90157      -456.36
 291.73064  76.91020      -432.74
 306.00015  76.98953      -156.65
 300.59077  77.00158      -353.50
 311.40924  77.00158        16.16
 296.95629  77.08220      -403.72
 289.73128  77.09896      -391.25
 309.64864  77.14466       -13.77
 302.35137  77.14466      -260.68
 298.66983  77.25060      -334.89
 304.15524  77.27430      -169.63
 307.84476  77.27430       -49.41
 294.98091  77.30726      -370.87
 306.00015  77.39003       -88.30
 300.43300  77.40624      -256.30
 296.68863  77.48813      -315.39
 302.24400  77.54860      -175.59
 298.45031  77.65650      -249.77
 304.10055  77.67719      -100.02
 294.64694  77.71359      -302.74
 300.26450  77.81180      -179.84
 296.40258  77.89481      -248.83
 292.54503  77.92636      -297.33
 294.28956  78.12053      -255.50
 315.48209  60.73857         4.96
 316.37599  60.88673       122.86
 313.89717  61.21385      -327.00
 317.70520  62.21699         4.29
 316.90652  62.46561      -110.00
 317.04819  62.86050      -125.98
 318.33556  63.79944      -138.63
 319.33438  63.94335      -181.73
 318.50461  64.19528      -153.55
 309.95943  64.61124      -669.86
 319.90422  65.13265      -255.75
 308.09954  66.13254     -1123.81
 322.75169  66.59832      -456.85
 326.79796  67.75834      -528.62
 328.35185  68.26221      -470.61
 309.41730  68.28775     -1257.44
 329.56892  68.36306      -449.30
 330.79270  68.45681      -421.85
 332.47288  68.93470      -346.51
 307.21813  69.77489     -1533.78
 307.26125  70.55272     -1340.68
 337.79050  71.00804       -19.09
 332.74310  71.11141      -135.07
 308.59204  71.18482      -963.46
 334.15287  71.19417      -113.29
 307.30796  71.33284     -1113.83
 331.84099  71.41226      -121.38
 308.64108  71.57713      -851.93
 334.71486  71.58239       -87.37
 330.90651  71.70739      -106.02
 333.82779  71.89132       -86.79
 335.30135  71.96968       -68.06
 331.41749  72.10021       -89.64
 307.35876  72.11543      -909.13
 306.00012  72.64090      -980.46
 332.51076  72.88397       -62.97
 333.71063  73.66467       -36.26
 335.35185  73.74974       -35.13
 334.35546  74.05361       -23.71
 336.76184  74.52045       -35.82
 338.50064  74.58824       -79.63
 297.44322  76.27255      -620.35
 294.01641  76.30453      -574.00
 294.16354  80.34989      -341.67
 296.36937  80.52143      -324.47
 333.02599  80.62027      -271.88
 298.66042  80.67721      -302.49
 345.03845  80.82981      -480.20
 338.96155  80.82981      -397.66
 343.58581  81.20533      -407.83
 345.29328  81.49979      -349.34
 330.28066  81.53088      -304.18
 303.24758  81.76491      -352.50
 308.75243  81.76491      -293.37
 306.00023  81.86597      -331.55
 317.52875  82.17625      -314.79
 328.01804  82.81098      -311.32
 321.66551  82.82449      -339.57
 322.58420  83.23728      -295.84
