 314.79269  76.67701        64.08
 315.04371  77.08220        78.66
 313.33017  77.25060        48.64
 311.56701  77.40624        10.31
 315.31138  77.48813        97.93
 309.75601  77.54860       -33.23
 313.54970  77.65650        71.46
 307.89946  77.67719       -77.93
 306.00016  77.79151      -119.28
 311.73551  77.81180        35.55
 315.59743  77.89481       120.70
 302.12926  77.95350      -183.01
 309.87075  77.95350        -6.73
 298.21548  78.06323      -193.09
 313.78452  78.06323        94.58
 304.04206  78.08106      -140.16
 307.95794  78.08106       -51.14
 290.38370  78.12582       -88.16
 306.00016  78.19398       -92.73
 311.91589  78.21828        56.98
 300.08411  78.21828      -177.01
 315.90388  78.30222       143.21
 296.09613  78.30222      -156.94
 288.16434  78.31137       -68.84
 292.11158  78.33300      -101.09
 309.99367  78.35937        11.32
 302.00633  78.35937      -154.43
 297.96367  78.47081      -162.71
 314.03634  78.47081       114.92
 308.02063  78.48595       -37.46
 303.97937  78.48595      -123.60
 293.90618  78.52807      -120.42
 306.00017  78.59749       -83.59
 299.89051  78.62569      -161.84
 312.10950  78.62569        71.78
 295.76700  78.71036      -142.42
 316.23301  78.71036       159.70
 301.87430  78.76624      -151.47
 310.12571  78.76624        18.67
 314.30708  78.87925       127.01
 297.69292  78.87925      -162.46
 303.91200  78.89189      -128.76
 308.08801  78.89189       -38.39
 306.00017  79.00205       -92.47
 299.68214  79.03405      -174.49
 312.31787  79.03405        76.01
 295.41252  79.11923      -158.45
 316.58749  79.11923       164.87
 310.26792  79.17414        12.35
 301.73208  79.17414      -172.92
 297.40098  79.28853      -188.84
 314.59903  79.28853       124.96
 303.83937  79.29889      -155.15
 308.16063  79.29889       -55.73
 318.95101  79.34480       173.48
 306.00018  79.40769      -119.97
 312.54278  79.44338        64.23
 299.45723  79.44338      -210.66
 316.97039  79.52878       152.09
 301.57843  79.58309      -216.97
 310.42157  79.58309       -11.24
 335.26456  79.68138      -528.19
 314.91479  79.69866       103.71
 297.08522  79.69866      -237.89
 308.23915  79.70699       -91.65
 303.76086  79.70699      -202.10
 319.43226  79.75391       142.94
 306.00019  79.81444      -166.76
 330.97064  79.83173      -302.07
 312.78633  79.85367        32.14
 299.21368  79.85367      -266.67
 326.52905  79.92655       -69.81
 317.38531  79.93902       115.43
 333.65890  79.95893      -476.03
 321.98389  79.96297        86.33
 301.41189  79.99310      -278.79
 310.58812  79.99310       -55.25
 329.20808  80.08601      -233.26
 315.25745  80.10963        58.33
 303.67568  80.11621      -268.76
 308.32432  80.11621      -148.20
 324.62327  80.15505       -20.84
 319.95464  80.16345        84.81
 306.00019  80.22234      -233.31
 331.95563  80.22692      -413.74
 313.05096  80.26495       -23.50
 327.34699  80.32920      -171.53
 317.83647  80.34989        50.93
 322.62180  80.37094         3.62
 310.76928  80.40419      -121.39
 301.23072  80.40419      -355.82
 330.15009  80.48456      -349.91
 315.63063  80.52143       -13.99
 303.58295  80.52659      -349.73
 308.41706  80.52659      -224.06
 325.38431  80.56046      -126.51
 320.52366  80.57334        -2.65
 306.00020  80.63141      -319.19
 313.33958  80.67721      -104.08
 328.23798  80.73100      -293.73
 318.32886  80.76134       -42.11
 323.31773  80.77886      -106.50
 310.96711  80.81639      -209.53
 301.03289  80.81639      -444.50
 331.17677  80.88162      -478.72
 316.03865  80.93403      -112.64
 303.48158  80.93814      -442.91
 308.51842  80.93814      -318.01
 326.21555  80.96534      -254.07
 321.14584  80.98348      -117.08
 306.00021  81.04168      -416.64
 298.34436  81.09046      -510.97
 313.65565  81.09046      -207.50
 329.21196  81.13167      -429.31
 318.86843  81.17333      -159.99
 324.07985  81.18660      -238.34
 300.81596  81.22971      -538.75
 311.18404  81.22971      -316.05
 316.48665  81.34740      -232.45
 327.12695  81.36947      -394.83
 321.82896  81.39376      -251.28
 314.00330  81.50468      -327.10
 319.46228  81.58575      -293.94
 324.91796  81.59395      -381.48
 316.98083  81.76149      -363.05
 322.58235  81.80402      -393.07
 320.11902  81.99852      -430.05
 322.63501  72.78890        59.23
 321.44999  73.02624        85.70
 322.99571  73.18875        50.81
 324.56289  73.34196        18.32
 321.78947  73.42664        78.79
 326.15062  73.48565        -7.56
 323.37423  73.58875        44.89
 320.54484  73.65602       104.86
 324.98161  73.74124        15.44
 322.14600  73.82728        73.41
 326.61060  73.88388        -7.16
 323.77195  73.98886        41.77
 320.87766  74.05718       100.30
 325.42177  74.14050        15.69
 322.52093  74.22812        69.69
 319.56883  74.27808       120.38
 327.09431  74.28195        -3.90
 324.19042  74.38905        41.22
 321.22794  74.45865        95.76
 325.88507  74.53969        18.33
 322.91576  74.62916        67.43
 327.60363  74.67977         0.86
 319.89256  74.68004       115.26
 324.63130  74.78929        42.12
 329.34467  74.80904       -14.28
 321.59713  74.86040        91.44
 318.51453  74.89187       123.04
 326.37340  74.93877        21.96
 323.33214  75.03034        66.20
 328.14067  75.07730         4.97
 320.23406  75.08237       109.24
 325.09649  75.18953        43.67
 329.93148  75.20461       -11.76
 336.49787  75.21323       -12.54
 321.98684  75.26241        87.70
 318.82623  75.29464       116.54
 331.74402  75.32045       -28.05
 326.88888  75.33766        24.59
 333.57623  75.42457       -39.06
 323.77192  75.43164        65.12
 328.70773  75.47444         5.67
 320.59486  75.48507       103.48
 317.37357  75.49677       109.66
 335.42588  75.51677       -36.11
 325.58806  75.58971        44.48
 337.29050  75.59684        -9.71
 330.55126  75.59957       -15.17
 322.39886  75.66465        84.63
 319.15584  75.69788       110.29
 332.41742  75.71280       -35.96
 327.43381  75.73630        23.88
 334.30391  75.81386       -50.07
 324.23714  75.83300        64.16
 329.30741  75.87110         0.00
 320.97668  75.88811        99.40
 317.66967  75.90038       105.22
 336.20824  75.90255       -48.07
 326.10835  75.98977        42.90
 331.20683  75.99380       -27.75
 322.83517  76.06708        82.48
 316.13650  76.09209        86.44
 319.50498  76.10157       106.48
 333.12978  76.10413       -55.26
 328.01081  76.13460        17.40
 335.07371  76.20184       -74.22
 324.73010  76.23437        62.49
 329.94256  76.26717       -14.82
 337.03580  76.28668       -74.81
 321.38144  76.29147        97.61
 317.98360  76.30453       103.82
 331.90132  76.38717       -52.18
 326.65993  76.38963        37.11
 323.29804  76.46965        81.75
 333.88450  76.49430       -88.25
 316.41268  76.49651        89.82
 319.87547  76.50568       107.04
 328.62276  76.53246         2.84
 335.88924  76.58830      -113.28
 325.25338  76.63569        58.87
 330.61638  76.66254       -40.99
 321.81131  76.69509        99.05
 318.31705  76.70922       107.70
 332.63820  76.77952       -90.15
 327.24571  76.78920        25.17
 323.78996  76.87231        81.68
 334.68533  76.88311      -135.90
 316.70630  76.90157        98.50
 320.26936  76.91020       112.01
 329.27290  76.92978       -21.75
 336.75450  76.97304      -167.69
 325.80984  77.03689        51.60
 331.33243  77.05705       -79.92
 322.26872  77.09896       103.57
 318.67193  77.11444       117.99
 333.42137  77.17068      -142.18
 327.86896  77.18839         5.16
 335.53643  77.27036      -197.94
 324.31378  77.27500        80.55
 317.01910  77.30726       113.44
 320.68899  77.31509       121.70
 329.96488  77.32641       -57.79
 337.67393  77.35580      -236.70
 326.40275  77.43786        38.47
 332.09472  77.45055      -132.06
 322.75643  77.50300       109.28
 319.05041  77.52016       132.73
 334.25516  77.56045      -207.74
 328.53334  77.58708       -24.78
 336.44245  77.65580      -273.15
 324.87272  77.67765        75.64
 317.35306  77.71359       133.48
 321.13697  77.72031       134.00
 330.70275  77.72221      -106.17
 327.03578  77.83852        16.88
 332.90771  77.84284      -197.10
 323.27755  77.90716       112.78
 319.45497  77.92636       150.43
 335.14440  77.94860      -285.55
 329.24299  77.98512       -66.32
 337.40856  78.03916      -359.79
 325.47040  78.08015        63.42
 331.49114  78.11699      -167.21
 317.71044  78.12053       154.48
 321.61631  78.12582       144.86
 333.77644  78.23370      -274.14
 327.71309  78.23872       -15.91
 323.83566  78.31137       109.52
 319.88842  78.33300       166.42
 336.09454  78.33486      -373.94
 330.00260  78.38236      -120.83
 338.44055  78.42013      -455.89
 326.11097  78.48241        39.88
 332.33522  78.51056      -240.82
 318.09383  78.52807       172.51
 322.13043  78.53156       148.79
 334.70658  78.62289      -361.94
 328.43943  78.63833       -62.57
 324.43483  78.71554        94.28
 337.11166  78.71893      -471.01
 320.35400  78.74005       174.58
 330.81750  78.77860      -189.27
 326.79917  78.88429         1.03
 333.24089  78.90268      -326.43
 318.50620  78.93617       181.17
 322.68328  78.93744       139.57
 335.70451  79.01010      -458.92
 329.22019  79.03718      -125.25
 338.20259  79.10045      -574.55
 325.07971  79.11954        61.88
 320.85544  79.14744       168.07
 331.69374  79.17362      -271.95
 327.54042  79.28564       -56.44
 334.21480  79.29306      -422.90
 323.27939  79.34340       111.12
 336.77747  79.39500      -562.92
 330.06156  79.43506      -205.16
 339.37503  79.47901      -681.54
 325.77571  79.52327         8.02
 321.39706  79.55511       140.34
 332.63824  79.56717      -368.22
 328.34099  79.68629      -134.55
 323.92401  79.74931        58.54
 325.30684  67.24633      -620.83
 324.44580  67.52113      -526.67
 325.61790  67.64303      -587.21
 324.74629  67.91816      -484.55
 325.94004  68.03965      -538.76
 327.14205  68.15437      -568.98
 323.85042  68.18731      -364.37
 325.05764  68.31516      -432.19
 326.27390  68.43617      -479.30
 324.15022  68.58463      -313.48
 328.73163  68.65721      -508.01
 325.38048  68.71211      -373.41
 329.97202  68.75703      -498.04
 326.62016  68.83257      -413.31
 323.21729  68.84783      -193.80
 331.21932  68.84956      -481.11
 327.86873  68.94589      -432.69
 324.46125  68.98197      -260.36
 333.73202  69.01237      -437.75
 329.12564  69.05194      -435.53
 322.25839  69.10451       -84.58
 325.71551  69.10901      -312.29
 330.39029  69.15062      -428.62
 326.97956  69.22884      -345.48
 331.66203  69.24182      -416.78
 323.51568  69.24548      -149.80
 332.94016  69.32544      -403.38
 328.25283  69.34133      -361.06
 324.78420  69.37930      -208.48
 334.22396  69.40137      -391.75
 329.53474  69.44635      -364.32
 322.54329  69.50241       -51.15
 326.06345  69.50583      -252.80
 330.82462  69.54380      -362.28
 327.35288  69.62495      -280.30
 332.12178  69.63356      -355.95
 323.82567  69.64319      -109.68
 333.42546  69.71553      -351.99
 328.65189  69.73652      -293.71
 325.11979  69.77662      -160.92
 334.73488  69.78961      -347.15
 329.95983  69.84041      -299.20
 336.04920  69.85571      -334.09
 322.83942  69.90042       -23.17
 326.42509  69.90256      -198.46
 331.27598  69.93652      -300.80
 327.74100  70.02087      -221.63
 324.14799  70.04095       -75.63
 329.06683  70.13142      -234.61
 325.46881  70.17392      -120.13
 335.26589  70.17702      -304.31
 330.40190  70.23408      -243.04
 323.14750  70.29855        -2.03
 326.80131  70.29918      -152.01
 328.14482  70.41659      -172.43
 324.48341  70.43875       -49.08
 329.49865  70.52601      -186.56
 325.83212  70.57116       -87.71
 327.19301  70.69565      -115.25
 323.46829  70.69678        11.66
 328.56536  70.81205      -134.44
 324.83278  70.83657       -30.61
 329.94840  70.92023      -149.91
 326.21065  70.96834       -64.33
 331.34128  71.02006      -165.81
 327.60122  71.09194       -88.84
 323.80264  71.09510        18.18
 329.00371  71.20722      -108.00
 325.19702  71.23438       -19.88
 330.41727  71.31405      -125.43
 322.74116  71.34648        58.01
 326.60540  71.36541       -49.67
 328.02702  71.48802       -72.35
 324.15146  71.49349        18.57
 329.46103  71.60207       -91.58
 325.57715  71.63217       -15.78
 323.07335  71.74537        51.64
 327.01747  71.76235       -42.54
 328.47160  71.88385       -64.01
 324.51573  71.89193        14.49
 329.93861  71.99653       -83.87
 325.97424  72.02991       -16.58
 323.42050  72.14438        42.63
 327.44805  72.15912       -41.02
 332.90714  72.19476      -124.87
 328.93625  72.27939       -61.44
 324.89654  72.29040         7.93
 322.29087  72.38921        69.28
 330.43784  72.39054       -81.72
 326.38949  72.42756       -20.19
 331.95170  72.49243      -102.18
 323.78368  72.54350        32.95
 327.89844  72.55567       -42.46
 329.42239  72.67456       -62.06
 325.29508  72.68886         0.93
 330.96023  72.78405       -81.63
 326.82420  72.82509       -24.41
 324.16405  72.94271        24.40
 328.37005  72.95197       -44.55
 329.93154  73.06933       -62.98
 325.71263  73.08729        -4.67
 331.50744  73.17698       -80.43
 327.27979  73.22244       -27.09
 328.86445  73.34795       -45.30
 330.46540  73.46361       -61.96
 327.75783  73.61958       -27.17
 329.38334  73.74354       -43.46
 331.02579  73.85732       -57.86
 332.68371  73.96074       -67.37
 328.26004  74.01644       -24.34
 329.92858  74.13867       -38.95
 331.61474  74.25039       -51.04
 333.31689  74.35137       -55.86
 328.78829  74.41295       -19.41
 335.03324  74.44145       -44.43
 330.50222  74.53327       -33.06
 332.23447  74.64269       -43.40
 333.98321  74.74101       -44.14
 335.74645  74.82804       -25.70
 337.52207  74.90361        21.54
 331.10654  74.92723       -28.30
 332.88740  75.03413       -38.11
 334.68525  75.12953       -36.11
 315.96282  62.31418      -281.10
 315.14048  62.55148      -271.77
 316.09111  62.70828      -252.48
 315.25881  62.94481      -235.59
 316.22294  63.10249      -216.95
 317.19380  63.25548      -215.44
 315.38044  63.33827      -194.25
 316.35848  63.49682      -179.04
 317.34355  63.65057      -185.64
 316.49791  63.89129      -142.61
 317.49764  64.04578      -159.20
 316.64142  64.28591      -110.42
 317.65628  64.44113      -137.83
 315.76673  64.51962       -78.52
 318.67871  64.59123      -188.86
 316.78921  64.68069       -84.05
 317.81970  64.83662      -121.91
 315.90323  64.91376       -51.13
 318.85809  64.98730      -185.12
 316.94149  65.07565       -63.89
 317.98814  65.23226      -110.67
 316.04392  65.30811       -30.92
 319.04304  65.38350      -183.68
 317.09850  65.47079       -49.37
 318.16186  65.62807      -102.59
 321.17687  65.66950      -368.88
 316.18901  65.70268       -17.48
 319.23384  65.77985      -182.22
 317.26048  65.86614       -39.23
 320.31425  65.92602      -278.09
 318.34114  66.02406       -95.73
 321.40288  66.06650      -379.80
 316.33874  66.09748        -9.68
 319.43079  66.17634      -178.40
 317.42770  66.26169       -31.83
 320.52926  66.32288      -276.99
 323.60385  66.32994      -564.56
 318.52626  66.42023       -88.19
 324.71564  66.45271      -633.65
 321.63631  66.46358      -381.04
 316.49336  66.49253        -5.96
 319.63423  66.57299      -170.34
 317.60042  66.65747       -25.41
 320.75142  66.71986      -268.20
 323.87511  66.72702      -568.30
 318.71754  66.81660       -78.39
 325.00627  66.84955      -636.81
 321.87756  66.86074      -371.35
 319.84451  66.96981      -156.87
 323.01239  66.99552      -469.93
 317.77897  67.05348       -18.39
 320.98111  67.11697      -251.11
 324.15560  67.12408      -555.34
 318.91533  67.21317       -65.26
 322.12706  67.25799      -350.71
 320.06201  67.36679      -137.67
 323.28207  67.39275      -445.55
 317.96364  67.44974        -9.49
 321.21875  67.51422      -226.17
 319.11999  67.60996       -48.42
 322.38526  67.65533      -320.26
 320.28713  67.76395      -113.28
 323.56123  67.79002      -409.48
 321.46480  67.91159      -194.76
 319.33191  68.00696       -28.13
 322.65268  68.05275      -282.09
 320.52032  68.16129       -84.97
 321.71973  68.30910      -158.98
 322.92983  68.45025      -238.92
 320.76203  68.55881       -54.57
 321.98408  68.70674      -121.36
 312.99628  61.05139      -320.35
 315.59769  61.13238      -282.19
 316.50352  61.28138      -283.40
 314.80384  61.37215      -304.74
 313.08158  61.44229      -347.92
 315.71626  61.52624      -299.51
 313.99434  61.60585      -327.34
 312.25049  61.66436      -390.73
 316.63435  61.67606      -294.98
 314.91313  61.76517      -310.33
 317.55806  61.82154      -288.36
 313.16909  61.83330      -356.07
 315.83792  61.92017      -298.16
 314.09404  61.99796      -323.79
 312.32804  62.05430      -394.76
 316.76863  62.07080      -289.93
 315.02530  62.15827      -298.16
 313.25889  62.22442      -346.79
 311.47116  62.26865      -443.88
 314.19639  62.39017      -304.03
 312.40764  62.44437      -383.51
 313.35110  62.61568      -323.39
 314.30151  62.78251      -272.02
 311.54025  62.65760      -434.21
 312.48938  62.83459      -360.52
 310.65674  62.86393      -495.06
 313.44583  63.00708      -289.95
 311.61121  63.04672      -415.33
 314.40953  63.17500      -232.22
 312.57337  63.22499      -329.82
 310.71660  63.25186      -483.15
 313.54318  63.39866      -250.84
 311.68414  63.43603      -390.96
 314.52059  63.56765      -189.14
 312.65972  63.61557      -295.46
 310.77814  63.64001      -467.73
 315.50552  63.73189      -152.08
 313.64330  63.79041      -210.23
 311.75913  63.82555      -364.67
 314.63483  63.96047      -146.79
 312.74853  64.00636      -261.17
 310.84143  64.02837      -451.75
 315.63423  64.12566      -112.66
 313.74631  64.18236      -171.77
 311.83627  64.21529      -339.65
 314.75240  64.35348      -108.42
 312.83993  64.39737      -230.10
 310.90654  64.41698      -437.76
 313.85235  64.57453      -138.33
 311.91567  64.60527      -318.51
 314.87348  64.74669       -76.35
 312.93403  64.78861      -204.76
 310.97358  64.80585      -427.82
 313.96158  64.96693      -112.00
 311.99745  64.99550      -303.31
 314.99824  65.14013       -51.95
 313.03099  65.18011      -186.92
 311.04264  65.19499      -423.55
 314.07415  65.35957       -93.98
 312.08172  65.38601      -295.50
 310.06969  65.38687      -551.05
 315.12686  65.53379       -35.64
 313.13094  65.57187      -177.59
 311.11381  65.58443      -426.03
 314.19024  65.75247       -84.64
 310.12737  65.77513      -563.01
 312.16861  65.77681      -295.85
 315.25955  65.92771       -27.05
 309.12255  65.95791      -690.36
 313.23404  65.96392      -177.00
 311.18722  65.97417      -435.75
 314.31004  66.14564       -83.52
 312.25826  66.16792      -304.35
 315.39652  66.32188       -25.06
 313.34045  66.35627      -184.49
 311.26297  66.36425      -452.45
 314.43373  66.53911       -89.36
 312.35082  66.55935      -320.10
 315.53800  66.71633       -27.96
 313.45036  66.74893      -198.53
 311.34119  66.75466      -474.95
 316.65312  66.88783        -4.48
 314.56154  66.93288      -100.15
 310.31172  66.94197      -631.32
 312.44643  66.95112      -341.23
 315.68423  67.11108       -33.62
 313.56395  67.14193      -216.73
 311.42202  67.14544      -501.11
 316.81833  67.28340        -3.35
 314.69368  67.32697      -113.29
 310.37728  67.33165      -660.16
 312.54528  67.34325      -365.00
 315.83550  67.50612       -39.64
 313.68143  67.53528      -236.02
 311.50561  67.53660      -527.88
 316.98927  67.67925        -0.83
 314.83040  67.72140      -125.84
 310.44509  67.72174      -687.47
 312.64754  67.73575      -387.92
 318.15481  67.84624         2.07
 315.99206  67.90148       -43.70
 311.59209  67.92815      -551.55
 313.80302  67.92899      -252.93
 317.16627  68.07539         4.45
 310.51527  68.11223      -709.53
 314.97197  68.11617      -134.86
 312.75340  68.12865      -406.19
 318.35283  68.24301        16.52
 316.15425  68.29716       -43.79
 311.68165  68.32012      -568.25
 313.92895  68.32308      -264.08
 319.55151  68.40419        -5.30
 310.58795  68.50317      -722.67
 310.66330  68.89455      -723.73
 317.34970  68.47183        13.27
 315.11866  68.51131      -137.85
 312.86308  68.52195      -416.23
 318.55811  68.64004        33.42
 316.32237  68.69319       -38.59
 311.77446  68.71252      -574.47
 314.05949  68.71756      -266.65
 319.77924  68.80165        18.62
 317.53993  68.86859        25.73
 315.27077  68.90682      -133.09
 312.97679  68.91567      -415.19
 321.01278  68.95652       -24.28
 318.77109  69.03735        51.79
 316.49680  69.08957       -27.64
 311.87072  69.10537      -567.64
 314.19489  69.11245      -258.85
 320.01560  69.19934        41.86
 317.73737  69.26566        41.16
 310.74147  69.28641      -710.70
 315.42865  69.30272      -120.00
 313.09480  69.30983      -401.47
 321.27312  69.35441         3.66
 318.99223  69.43495        70.17
 316.67791  69.48631       -11.45
 311.97063  69.49869      -546.64
 314.33548  69.50777      -240.18
 320.26111  69.59727        62.54
 317.94246  69.66306        58.29
 310.82262  69.67875      -683.07
 315.59264  69.69902       -99.15
 313.21735  69.70445      -374.96
 321.54364  69.75248        27.23
 319.22205  69.83282        86.89
 316.86612  69.88342         8.66
 312.07442  69.89249      -511.91
 314.48156  69.90352      -211.55
 320.51635  69.99543        78.96
 318.15570  70.06080        75.45
 310.90695  70.07161      -641.94
 315.76313  70.09573       -72.15
 313.34473  70.09954      -337.08
 321.82498  70.15073        44.87
 319.46108  70.23099       100.40
 309.71528  70.24154      -760.80
 317.06189  70.28091        30.81
 312.18235  70.28679      -465.47
 314.63348  70.29973      -175.04
 320.78193  70.39383        89.91
 318.37760  70.45887        90.95
 310.99466  70.46499      -589.84
 315.94054  70.49287       -41.29
 313.47727  70.49511      -290.46
 322.11783  70.54915        55.75
 319.70994  70.62945       109.51
 309.78206  70.63386      -707.67
 317.26570  70.67879        52.96
 312.29467  70.68160      -410.47
 314.79163  70.69640      -133.48
 321.05854  70.79246        94.84
 318.60872  70.85729       103.43
 311.08598  70.85891      -530.26
 316.12531  70.89045        -9.13
 313.61528  70.89119      -238.46
 322.42295  70.94774        59.87
 309.85160  71.02675      -648.74
 319.96926  71.02820       113.70
 312.41167  71.07696      -350.63
 317.47810  71.07707        73.31
 314.95643  71.09355       -89.95
 321.34690  71.19133        94.01
 311.18113  71.25340      -467.07
 318.84970  71.25607       112.06
 313.75914  71.28779      -184.59
 316.31796  71.28847        22.03
 309.92408  71.42022      -587.62
 320.23975  71.42725       113.17
 312.53369  71.47286      -289.67
 317.69965  71.47575        90.60
 315.12831  71.49119       -47.25
 321.64781  71.59041        88.42
 311.28039  71.64847      -403.83
 319.10119  71.65519       116.74
 313.90926  71.68491      -131.98
 316.51901  71.68694        50.39
 309.99971  71.81430      -527.44
 320.52219  71.82658       108.77
 312.66105  71.86934      -230.77
 317.93100  71.87484       104.22
 315.30777  71.88933        -7.63
 308.69225  71.97005      -661.63
 321.96215  71.98971        79.58
 311.38403  72.04414      -343.42
 319.36394  72.05466       117.94
 314.06607  72.08259       -83.10
 316.72905  72.08588        74.84
 310.07871  72.20901      -470.40
 320.81741  72.22619       101.79
 312.79414  72.26640      -176.28
 318.17283  72.27435       114.13
 315.49536  72.28799        27.41
 308.74572  72.36363      -611.86
 311.49238  72.44043      -287.75
 319.63875  72.45449       116.49
 314.23004  72.48082       -39.58
 316.94874  72.48529        94.82
 321.12634  72.62608        93.68
 312.93337  72.66406      -127.66
 318.42592  72.67427       120.64
 315.69165  72.68717        57.01
 319.92651  72.85466       113.35
 317.17877  72.88518       110.22
 307.38588  72.50769      -766.49
 310.16132  72.60436      -417.67
 308.80166  72.75787      -564.95
 311.60577  72.83735      -237.75
 314.40171  72.87963        -2.34
 307.41425  72.90064      -726.47
 310.24780  73.00038      -369.43
 306.00012  73.03236      -896.65
 313.07921  73.06234       -85.58
 318.69110  73.07460       124.21
 315.89731  73.08689        80.75
 308.86023  73.15280      -520.25
 311.72458  73.23493      -193.61
 320.22819  73.25517       109.30
 314.58166  73.27903        28.19
 317.41994  73.28555       121.07
 307.44397  73.29428      -685.35
 310.33846  73.39708      -325.21
 306.00012  73.42452      -857.43
 313.23215  73.46125       -50.22
 318.96928  73.47535       125.18
 316.11304  73.48715        98.51
 308.92165  73.54843      -476.59
 311.84924  73.63319      -155.05
 314.77053  73.67902        51.92
 317.67310  73.68641       127.48
 304.52487  73.68865     -1027.54
 307.47514  73.68865      -641.38
 310.43361  73.79449      -284.20
 306.00012  73.81741      -811.01
 313.39274  73.86081       -21.42
 319.26149  73.87651       123.83
 316.33963  73.88796       110.30
 308.98613  73.94480      -432.68
 311.98020  74.03213      -121.58
 314.96902  74.07963        69.00
 304.49213  74.08377      -969.36
 307.50787  74.08377      -593.00
 317.93920  74.08774       129.61
 310.53362  74.19262      -245.58
 306.00013  74.21105      -755.75
 313.56161  74.26103         1.16
 316.57795  74.28932       116.38
 309.05393  74.34192      -387.55
 312.11797  74.43178       -92.66
 304.45770  74.47965      -897.50
 307.54230  74.47965      -539.25
 315.17791  74.48085        79.83
 318.21929  74.48957       127.86
 310.63886  74.59150      -208.78
 306.00013  74.60546      -691.02
 313.73943  74.66193        18.08
 316.82898  74.69124       117.39
 309.12531  74.73981      -340.75
 312.26312  74.83216       -67.73
 307.57856  74.87632      -480.13
 304.42144  74.87632      -812.46
 315.39808  74.88270        85.26
 310.74980  74.99115      -173.46
 306.00013  75.00067      -617.45
 313.92696  75.06352        30.22
 317.09379  75.09373       114.52
 302.79943  75.13849      -900.12
 309.20058  75.13849      -292.50
 312.41628  75.23329       -46.14
 304.38320  75.27380      -716.43
 307.61681  75.27380      -416.63
 315.63049  75.28519        86.73
 310.86692  75.39158      -139.54
 306.00014  75.39670      -537.02
 314.12505  75.46581        38.94
 302.71993  75.53800      -779.68
 309.28007  75.53800      -243.60
 312.57815  75.63517       -27.01
 307.65722  75.67213      -350.70
 304.34279  75.67213      -613.24
 315.87623  75.68832        86.28
 310.99076  75.79282      -107.00
 301.00924  75.79282      -800.29
 306.00014  75.79358      -452.94
 314.33464  75.86882        46.07
 302.63583  75.93835      -654.02
 309.36417  75.93835      -195.21
 312.74953  76.03783        -9.19
 307.69998  76.07132      -284.91
 304.30002  76.07132      -508.03
 292.49503  76.10157      -715.75
 306.00014  76.19133      -369.24
 311.12195  76.19489       -75.80
 300.87805  76.19489      -655.34
 314.55679  76.27255        53.74
 309.45330  76.33956      -148.71
 302.54670  76.33956      -530.12
 312.93130  76.44128         8.61
 299.06870  76.44128      -617.71
 307.74533  76.47139      -222.15
 304.25468  76.47139      -406.60
 295.58732  76.49651      -611.11
 292.12454  76.50568      -524.77
 306.00015  76.58997      -290.27
 311.26118  76.59780       -45.85
 300.73882  76.59780      -517.69
 297.20731  76.67701      -545.87
 293.68296  76.70922      -489.11
 309.54794  76.74165      -105.42
 302.45206  76.74165      -415.19
 313.12447  76.84553        27.64
 298.87553  76.84553      -473.07
 304.20651  76.87238      -314.71
 307.79349  76.87238      -165.19
 295.29371  76.90157      -448.50
 291.73064  76.91020      -357.16
 306.00015  76.98953      -220.13
 300.59077  77.00158      -395.36
 311.40924  77.00158       -17.08
 296.95629  77.08220      -402.08
 289.73128  77.09896      -237.13
 309.64864  77.14466       -66.54
 302.35137  77.14466      -315.84
 298.66983  77.25060      -350.48
 304.15524  77.27430      -237.39
 307.84476  77.27430      -116.47
 294.98091  77.30726      -314.04
 306.00015  77.39003      -162.29
 300.43300  77.40624      -295.06
 296.68863  77.48813      -286.77
 302.24400  77.54860      -237.31
 298.45031  77.65650      -255.98
 304.10055  77.67719      -178.43
 294.64694  77.71359      -213.12
 300.26450  77.81180      -221.48
 296.40258  77.89481      -204.68
 292.54503  77.92636      -140.39
 294.28956  78.12053      -148.09
 315.48209  60.73857      -244.89
 316.37599  60.88673      -252.96
 313.89717  61.21385      -311.89
 317.70520  62.21699      -282.87
 316.90652  62.46561      -271.95
 317.04819  62.86050      -245.57
 318.33556  63.79944      -209.83
 319.33438  63.94335      -245.50
 318.50461  64.19528      -196.80
 309.95943  64.61124      -543.46
 319.90422  65.13265      -264.56
 308.09954  66.13254      -794.66
 322.75169  66.59832      -480.89
 326.79796  67.75834      -623.29
 328.35185  68.26221      -576.27
 309.41730  68.28775      -848.06
 329.56892  68.36306      -565.29
 330.79270  68.45681      -542.99
 332.47288  68.93470      -458.90
 307.21813  69.77489     -1030.92
 307.26125  70.55272      -971.75
 337.79050  71.00804      -179.35
 332.74310  71.11141      -183.52
 308.59204  71.18482      -767.80
 334.15287  71.19417      -197.70
 307.30796  71.33284      -890.79
 331.84099  71.41226      -144.99
 308.64108  71.57713      -714.05
 334.71486  71.58239      -174.28
 330.90651  71.70739      -111.53
 333.82779  71.89132      -149.27
 335.30135  71.96968      -150.95
 331.41749  72.10021      -105.06
 307.35876  72.11543      -806.91
 306.00012  72.64090      -930.76
 332.51076  72.88397       -99.03
 333.71063  73.66467       -80.76
 335.35185  73.74974       -66.09
 334.35546  74.05361       -64.04
 336.76184  74.52045        -6.29
 338.50064  74.58824        66.65
 297.44322  76.27255      -710.80
 294.01641  76.30453      -667.50
 294.16354  80.34989      -331.49
 296.36937  80.52143      -382.07
 333.02599  80.62027      -535.44
 298.66042  80.67721      -422.44
 345.03845  80.82981     -1027.52
 338.96155  80.82981      -851.58
 343.58581  81.20533     -1013.34
 345.29328  81.49979     -1036.68
 330.28066  81.53088      -567.42
 303.24758  81.76491      -639.40
 308.75243  81.76491      -536.47
 306.00023  81.86597      -624.53
 317.52875  82.17625      -488.99
 328.01804  82.81098      -717.28
 321.66551  82.82449      -633.25
 322.58420  83.23728      -658.29
