 314.79269  76.67701        86.92
 315.04371  77.08220        85.51
 313.33017  77.25060        88.43
 311.56701  77.40624        86.29
 315.31138  77.48813        86.68
 309.75601  77.54860        77.01
 313.54970  77.65650        93.30
 307.89946  77.67719        58.81
 306.00016  77.79151        30.53
 311.73551  77.81180        95.26
 315.59743  77.89481        91.39
 302.12926  77.95350       -59.56
 309.87075  77.95350        89.81
 298.21548  78.06323      -186.50
 313.78452  78.06323        97.96
 304.04206  78.08106         3.95
 307.95794  78.08106        74.62
 290.38370  78.12582      -442.48
 306.00016  78.19398        48.19
 311.91589  78.21828        99.14
 300.08411  78.21828      -105.42
 315.90388  78.30222        99.02
 296.09613  78.30222      -243.02
 288.16434  78.31137      -473.99
 292.11158  78.33300      -372.14
 309.99367  78.35937        92.07
 302.00633  78.35937       -39.37
 297.96367  78.47081      -166.83
 314.03634  78.47081       102.20
 308.02063  78.48595        74.53
 303.97937  78.48595        10.57
 293.90618  78.52807      -302.23
 306.00017  78.59749        45.31
 299.89051  78.62569      -100.60
 312.10950  78.62569        97.88
 295.76700  78.71036      -235.65
 316.23301  78.71036       107.02
 301.87430  78.76624       -47.03
 310.12571  78.76624        84.17
 314.30708  78.87925       103.43
 297.69292  78.87925      -175.17
 303.91200  78.89189        -6.11
 308.08801  78.89189        59.61
 306.00017  79.00205        23.87
 299.68214  79.03405      -122.28
 312.31787  79.03405        89.99
 295.41252  79.11923      -251.75
 316.58749  79.11923       111.78
 310.26792  79.17414        65.34
 301.73208  79.17414       -78.22
 297.40098  79.28853      -204.50
 314.59903  79.28853        97.69
 303.83937  79.29889       -43.18
 308.16063  79.29889        30.04
 318.95101  79.34480       119.01
 306.00018  79.40769       -14.86
 312.54278  79.44338        71.48
 299.45723  79.44338      -163.87
 316.97039  79.52878       107.03
 301.57843  79.58309      -129.24
 310.42157  79.58309        33.14
 335.26456  79.68138      -403.23
 314.91479  79.69866        79.86
 297.08522  79.69866      -249.66
 308.23915  79.70699       -15.45
 303.76086  79.70699       -98.73
 319.43226  79.75391       108.26
 306.00019  79.81444       -70.92
 330.97064  79.83173      -185.63
 312.78633  79.85367        38.02
 299.21368  79.85367      -220.73
 326.52905  79.92655        -3.10
 317.38531  79.93902        85.30
 333.65890  79.95893      -336.01
 321.98389  79.96297        86.33
 301.41189  79.99310      -195.94
 310.58812  79.99310       -16.38
 329.20808  80.08601      -122.18
 315.25745  80.10963        43.19
 303.67568  80.11621      -172.42
 308.32432  80.11621       -79.67
 324.62327  80.15505        27.55
 319.95464  80.16345        74.83
 306.00019  80.22234      -145.84
 331.95563  80.22692      -268.96
 313.05096  80.26495       -15.70
 327.34699  80.32920       -73.62
 317.83647  80.34989        39.19
 322.62180  80.37094        33.83
 310.76928  80.40419       -86.95
 301.23072  80.40419      -277.24
 330.15009  80.48456      -209.99
 315.63063  80.52143       -18.99
 303.58295  80.52659      -262.44
 308.41706  80.52659      -164.69
 325.38431  80.56046       -47.38
 320.52366  80.57334        12.36
 306.00020  80.63141      -242.31
 313.33958  80.67721       -95.28
 328.23798  80.73100      -167.68
 318.32886  80.76134       -37.26
 323.31773  80.77886       -49.38
 310.96711  80.81639      -182.86
 301.03289  80.81639      -373.80
 331.17677  80.88162      -312.50
 316.03865  80.93403      -111.89
 303.48158  80.93814      -370.61
 308.51842  80.93814      -273.53
 326.21555  80.96534      -150.16
 321.14584  80.98348       -82.88
 306.00021  81.04168      -358.92
 298.34436  81.09046      -468.39
 313.65565  81.09046      -205.03
 329.21196  81.13167      -281.87
 318.86843  81.17333      -147.43
 324.07985  81.18660      -163.68
 300.81596  81.22971      -486.69
 311.18404  81.22971      -307.51
 316.48665  81.34740      -238.39
 327.12695  81.36947      -277.61
 321.82896  81.39376      -211.28
 314.00330  81.50468      -347.26
 319.46228  81.58575      -291.65
 324.91796  81.59395      -306.13
 316.98083  81.76149      -398.74
 322.58235  81.80402      -370.19
 320.11902  81.99852      -467.66
 322.63501  72.78890        38.58
 321.44999  73.02624        71.97
 322.99571  73.18875        22.36
 324.56289  73.34196       -17.89
 321.78947  73.42664        55.30
 326.15062  73.48565       -46.32
 323.37423  73.58875        10.70
 320.54484  73.65602        89.53
 324.98161  73.74124       -20.84
 322.14600  73.82728        42.02
 326.61060  73.88388       -39.63
 323.77195  73.98886         5.57
 320.87766  74.05718        74.79
 325.42177  74.14050       -15.65
 322.52093  74.22812        33.92
 319.56883  74.27808       105.27
 327.09431  74.28195       -25.62
 324.19042  74.38905         7.74
 321.22794  74.45865        63.30
 325.88507  74.53969        -3.24
 322.91576  74.62916        31.72
 327.60363  74.67977        -6.80
 319.89256  74.68004        90.76
 324.63130  74.78929        16.31
 329.34467  74.80904       -15.91
 321.59713  74.86040        55.96
 318.51453  74.89187       111.92
 326.37340  74.93877        13.68
 323.33214  75.03034        34.87
 328.14067  75.07730        12.64
 320.23406  75.08237        78.61
 325.09649  75.18953        28.99
 329.93148  75.20461        -1.11
 336.49787  75.21323      -274.92
 321.98684  75.26241        52.76
 318.82623  75.29464        96.68
 331.74402  75.32045       -39.54
 326.88888  75.33766        31.16
 333.57623  75.42457      -107.78
 323.77192  75.43164        41.48
 328.70773  75.47444        27.56
 320.59486  75.48507        69.39
 317.37357  75.49677       106.75
 335.42588  75.51677      -201.45
 325.58806  75.58971        42.48
 337.29050  75.59684      -307.06
 330.55126  75.59957         3.74
 322.39886  75.66465        52.75
 319.15584  75.69788        83.32
 332.41742  75.71280       -50.03
 327.43381  75.73630        44.65
 334.30391  75.81386      -134.72
 324.23714  75.83300        49.49
 329.30741  75.87110        32.86
 320.97668  75.88811        63.30
 317.66967  75.90038        92.55
 336.20824  75.90255      -241.07
 326.10835  75.98977        53.17
 331.20683  75.99380        -6.06
 322.83517  76.06708        54.70
 316.13650  76.09209        95.11
 319.50498  76.10157        72.79
 333.12978  76.10413       -78.17
 328.01081  76.13460        49.85
 335.07371  76.20184      -179.31
 324.73010  76.23437        56.48
 329.94256  76.26717        24.46
 337.03580  76.28668      -295.09
 321.38144  76.29147        59.93
 317.98360  76.30453        80.70
 331.90132  76.38717       -33.37
 326.65993  76.38963        57.82
 323.29804  76.46965        57.74
 333.88450  76.49430      -124.75
 316.41268  76.49651        85.85
 319.87547  76.50568        66.05
 328.62276  76.53246        43.47
 335.88924  76.58830      -239.79
 325.25338  76.63569        60.35
 330.61638  76.66254        -0.00
 321.81131  76.69509        59.50
 318.31705  76.70922        72.71
 332.63820  76.77952       -78.65
 327.24571  76.78920        54.01
 323.78996  76.87231        60.86
 334.68533  76.88311      -187.74
 316.70630  76.90157        79.66
 320.26936  76.91020        63.41
 329.27290  76.92978        23.69
 336.75450  76.97304      -311.60
 325.80984  77.03689        59.50
 331.33243  77.05705       -40.78
 322.26872  77.09896        62.15
 318.67193  77.11444        70.04
 333.42137  77.17068      -139.91
 327.86896  77.18839        40.34
 335.53643  77.27036      -262.65
 324.31378  77.27500        63.14
 317.01910  77.30726        78.15
 320.68899  77.31509        65.99
 329.96488  77.32641        -9.78
 337.67393  77.35580      -388.16
 326.40275  77.43786        52.78
 332.09472  77.45055       -96.24
 322.75643  77.50300        67.41
 319.05041  77.52016        72.92
 334.25516  77.56045      -213.15
 328.53334  77.58708        16.27
 336.44245  77.65580      -343.29
 324.87272  77.67765        63.48
 317.35306  77.71359        82.24
 321.13697  77.72031        73.66
 330.70275  77.72221       -55.97
 327.03578  77.83852        39.17
 332.90771  77.84284      -163.29
 323.27755  77.90716        74.02
 319.45497  77.92636        81.95
 335.14440  77.94860      -293.06
 329.24299  77.98512       -18.24
 337.40856  78.03916      -422.60
 325.47040  78.08015        60.14
 331.49114  78.11699      -113.12
 317.71044  78.12053        91.13
 321.61631  78.12582        84.86
 333.77644  78.23370      -237.99
 327.71309  78.23872        17.38
 323.83566  78.31137        79.46
 319.88842  78.33300        95.24
 336.09454  78.33486      -373.74
 330.00260  78.38236       -63.06
 338.44055  78.42013      -493.54
 326.11097  78.48241        50.51
 332.33522  78.51056      -179.08
 318.09383  78.52807       103.43
 322.13043  78.53156        96.29
 334.70658  78.62289      -316.04
 328.43943  78.63833       -14.28
 324.43483  78.71554        79.75
 337.11166  78.71893      -449.24
 320.35400  78.74005       108.86
 330.81750  78.77860      -118.06
 326.79917  78.88429        31.03
 333.24089  78.90268      -251.41
 318.50620  78.93617       114.84
 322.68328  78.93744       102.82
 335.70451  79.01010      -392.95
 329.22019  79.03718       -57.78
 338.20259  79.10045      -513.95
 325.07971  79.11954        69.72
 320.85544  79.14744       116.86
 331.69374  79.17362      -182.86
 327.54042  79.28564        -2.22
 334.21480  79.29306      -327.30
 323.27939  79.34340        97.96
 336.77747  79.39500      -464.14
 330.06156  79.43506      -114.74
 339.37503  79.47901      -562.77
 325.77571  79.52327        43.73
 321.39706  79.55511       111.88
 332.63824  79.56717      -256.32
 328.34099  79.68629       -52.68
 323.92401  79.74931        74.83
 325.30684  67.24633      -775.00
 324.44580  67.52113      -636.80
 325.61790  67.64303      -709.47
 324.74629  67.91816      -567.30
 325.94004  68.03965      -639.04
 327.14205  68.15437      -689.68
 323.85042  68.18731      -412.88
 325.05764  68.31516      -497.26
 326.27390  68.43617      -566.06
 324.15022  68.58463      -348.89
 328.73163  68.65721      -641.03
 325.38048  68.71211      -428.85
 329.97202  68.75703      -650.64
 326.62016  68.83257      -493.27
 323.21729  68.84783      -207.57
 331.21932  68.84956      -650.22
 327.86873  68.94589      -538.39
 324.46125  68.98197      -289.89
 333.73202  69.01237      -634.34
 329.12564  69.05194      -565.43
 322.25839  69.10451       -85.73
 325.71551  69.10901      -364.22
 330.39029  69.15062      -579.96
 326.97956  69.22884      -423.66
 331.66203  69.24182      -586.77
 323.51568  69.24548      -160.87
 332.94016  69.32544      -590.91
 328.25283  69.34133      -466.27
 324.78420  69.37930      -237.32
 334.22396  69.40137      -600.13
 329.53474  69.44635      -495.16
 322.54329  69.50241       -51.75
 326.06345  69.50583      -305.50
 330.82462  69.54380      -516.97
 327.35288  69.62495      -360.22
 332.12178  69.63356      -532.06
 323.82567  69.64319      -122.08
 333.42546  69.71553      -551.99
 328.65189  69.73652      -401.65
 325.11979  69.77662      -192.42
 334.73488  69.78961      -576.82
 329.95983  69.84041      -434.50
 336.04920  69.85571      -601.34
 322.83942  69.90042       -25.99
 326.42509  69.90256      -254.63
 331.27598  69.93652      -461.99
 327.74100  70.02087      -305.67
 324.14799  70.04095       -91.73
 329.06683  70.13142      -347.73
 325.46881  70.17392      -156.20
 335.26589  70.17702      -564.75
 330.40190  70.23408      -385.41
 323.14750  70.29855        -8.53
 326.80131  70.29918      -213.23
 328.14482  70.41659      -262.07
 324.48341  70.43875       -70.08
 329.49865  70.52601      -306.64
 325.83212  70.57116      -129.29
 327.19301  70.69565      -182.29
 323.46829  70.69678         0.76
 328.56536  70.81205      -230.48
 324.83278  70.83657       -57.05
 329.94840  70.92023      -277.26
 326.21065  70.96834      -111.76
 331.34128  71.02006      -327.41
 327.60122  71.09194      -161.86
 323.80264  71.09510         2.38
 329.00371  71.20722      -210.47
 325.19702  71.23438       -52.03
 330.41727  71.31405      -260.07
 322.74116  71.34648        49.87
 326.60540  71.36541      -102.86
 328.02702  71.48802      -150.90
 324.15146  71.49349        -2.64
 329.46103  71.60207      -199.00
 325.57715  71.63217       -53.66
 323.07335  71.74537        38.42
 327.01747  71.76235      -100.88
 328.47160  71.88385      -146.58
 324.51573  71.89193       -12.60
 329.93861  71.99653      -194.85
 325.97424  72.02991       -59.75
 323.42050  72.14438        23.19
 327.44805  72.15912      -103.14
 332.90714  72.19476      -321.78
 328.93625  72.27939      -145.61
 324.89654  72.29040       -25.01
 322.29087  72.38921        56.67
 330.43784  72.39054      -194.33
 326.38949  72.42756       -67.36
 331.95170  72.49243      -254.62
 323.78368  72.54350         6.74
 327.89844  72.55567      -105.57
 329.42239  72.67456      -145.15
 325.29508  72.68886       -36.83
 330.96023  72.78405      -193.88
 326.82420  72.82509       -73.11
 324.16405  72.94271        -7.93
 328.37005  72.95197      -105.33
 329.93154  73.06933      -142.15
 325.71263  73.08729       -44.89
 331.50744  73.17698      -190.93
 327.27979  73.22244       -73.34
 328.86445  73.34795      -100.15
 330.46540  73.46361      -134.84
 327.75783  73.61958       -66.79
 329.38334  73.74354       -89.15
 331.02579  73.85732      -123.45
 332.68371  73.96074      -176.34
 328.26004  74.01644       -53.37
 329.92858  74.13867       -73.52
 331.61474  74.25039      -110.39
 333.31689  74.35137      -169.29
 328.78829  74.41295       -35.09
 335.03324  74.44145      -248.06
 330.50222  74.53327       -56.62
 332.23447  74.64269       -99.94
 333.98321  74.74101      -168.12
 335.74645  74.82804      -255.82
 337.52207  74.90361      -349.91
 331.10654  74.92723       -43.42
 332.88740  75.03413       -97.38
 334.68525  75.12953      -177.62
 315.96282  62.31418      -648.98
 315.14048  62.55148      -553.65
 316.09111  62.70828      -591.79
 315.25881  62.94481      -492.48
 316.22294  63.10249      -528.90
 317.19380  63.25548      -605.77
 315.38044  63.33827      -428.65
 316.35848  63.49682      -465.86
 317.34355  63.65057      -546.60
 316.49791  63.89129      -406.71
 317.49764  64.04578      -491.55
 316.64142  64.28591      -353.72
 317.65628  64.44113      -441.67
 315.76673  64.51962      -264.09
 318.67871  64.59123      -557.26
 316.78921  64.68069      -307.53
 317.81970  64.83662      -396.45
 315.90323  64.91376      -224.77
 318.85809  64.98730      -511.82
 316.94149  65.07565      -267.48
 317.98814  65.23226      -354.41
 316.04392  65.30811      -193.14
 319.04304  65.38350      -466.60
 317.09850  65.47079      -232.17
 318.16186  65.62807      -313.76
 321.17687  65.66950      -698.60
 316.18901  65.70268      -167.88
 319.23384  65.77985      -419.77
 317.26048  65.86614      -199.92
 320.31425  65.92602      -533.85
 318.34114  66.02406      -272.94
 321.40288  66.06650      -643.64
 316.33874  66.09748      -147.32
 319.43079  66.17634      -370.23
 317.42770  66.26169      -169.24
 320.52926  66.32288      -477.33
 323.60385  66.32994      -822.31
 318.52626  66.42023      -231.04
 324.71564  66.45271      -884.59
 321.63631  66.46358      -583.45
 316.49336  66.49253      -129.72
 319.63423  66.57299      -317.84
 317.60042  66.65747      -139.07
 320.75142  66.71986      -417.04
 323.87511  66.72702      -766.00
 318.71754  66.81660      -187.97
 325.00627  66.84955      -833.76
 321.87756  66.86074      -519.03
 319.84451  66.96981      -263.48
 323.01239  66.99552      -616.56
 317.77897  67.05348      -108.87
 320.98111  67.11697      -354.59
 324.15560  67.12408      -703.67
 318.91533  67.21317      -144.36
 322.12706  67.25799      -452.29
 320.06201  67.36679      -208.78
 323.28207  67.39275      -548.79
 317.96364  67.44974       -78.57
 321.21875  67.51422      -292.20
 319.11999  67.60996      -101.34
 322.38526  67.65533      -385.58
 320.28713  67.76395      -155.73
 323.56123  67.79002      -480.17
 321.46480  67.91159      -232.24
 319.33191  68.00696       -60.21
 322.65268  68.05275      -321.27
 320.52032  68.16129      -106.26
 321.71973  68.30910      -176.84
 322.92983  68.45025      -261.41
 320.76203  68.55881       -61.98
 321.98408  68.70674      -127.64
 312.99628  61.05139      -574.78
 315.59769  61.13238      -720.71
 316.50352  61.28138      -811.97
 314.80384  61.37215      -657.24
 313.08158  61.44229      -603.13
 315.71626  61.52624      -719.77
 313.99434  61.60585      -614.79
 312.25049  61.66436      -630.97
 316.63435  61.67606      -802.76
 314.91313  61.76517      -642.61
 317.55806  61.82154      -904.32
 313.16909  61.83330      -605.54
 315.83792  61.92017      -693.88
 314.09404  61.99796      -593.75
 312.32804  62.05430      -640.37
 316.76863  62.07080      -771.10
 315.02530  62.15827      -605.95
 313.25889  62.22442      -586.26
 311.47116  62.26865      -726.69
 314.19639  62.39017      -553.70
 312.40764  62.44437      -630.98
 313.35110  62.61568      -550.88
 314.30151  62.78251      -501.10
 311.54025  62.65760      -734.30
 312.48938  62.83459      -608.01
 310.65674  62.86393      -896.49
 313.44583  63.00708      -505.48
 311.61121  63.04672      -730.38
 314.40953  63.17500      -442.38
 312.57337  63.22499      -576.93
 310.71660  63.25186      -916.45
 313.54318  63.39866      -455.96
 311.68414  63.43603      -719.55
 314.52059  63.56765      -383.28
 312.65972  63.61557      -542.90
 310.77814  63.64001      -930.10
 315.50552  63.73189      -367.22
 313.64330  63.79041      -407.48
 311.75913  63.82555      -706.18
 314.63483  63.96047      -328.37
 312.74853  64.00636      -510.45
 310.84143  64.02837      -940.91
 315.63423  64.12566      -311.73
 313.74631  64.18236      -364.09
 311.83627  64.21529      -694.09
 314.75240  64.35348      -280.76
 312.83993  64.39737      -483.15
 310.90654  64.41698      -952.00
 313.85235  64.57453      -328.65
 311.91567  64.60527      -686.40
 314.87348  64.74669      -242.19
 312.93403  64.78861      -463.60
 310.97358  64.80585      -965.95
 313.96158  64.96693      -302.77
 311.99745  64.99550      -685.39
 314.99824  65.14013      -213.12
 313.03099  65.18011      -453.29
 311.04264  65.19499      -984.67
 314.07415  65.35957      -286.90
 312.08172  65.38601      -692.35
 310.06969  65.38687     -1343.35
 315.12686  65.53379      -192.98
 313.13094  65.57187      -452.59
 311.11381  65.58443     -1009.06
 314.19024  65.75247      -280.44
 310.12737  65.77513     -1383.76
 312.16861  65.77681      -707.40
 315.25955  65.92771      -180.40
 309.12255  65.95791     -1790.00
 313.23404  65.96392      -460.71
 311.18722  65.97417     -1038.85
 314.31004  66.14564      -281.85
 312.25826  66.16792      -729.35
 315.39652  66.32188      -173.50
 313.34045  66.35627      -475.67
 311.26297  66.36425     -1072.32
 314.43373  66.53911      -288.73
 312.35082  66.55935      -755.66
 315.53800  66.71633      -169.99
 313.45036  66.74893      -494.40
 311.34119  66.75466     -1106.24
 316.65312  66.88783      -113.49
 314.56154  66.93288      -298.02
 310.31172  66.94197     -1504.01
 312.44643  66.95112      -782.48
 315.68423  67.11108      -167.45
 313.56395  67.14193      -512.97
 311.42202  67.14544     -1136.10
 316.81833  67.28340       -97.27
 314.69368  67.32697      -306.28
 310.37728  67.33165     -1531.40
 312.54528  67.34325      -805.04
 315.83550  67.50612      -163.40
 313.68143  67.53528      -526.89
 311.50561  67.53660     -1156.52
 316.98927  67.67925       -79.91
 314.83040  67.72140      -309.91
 310.44509  67.72174     -1543.73
 312.64754  67.73575      -818.08
 318.15481  67.84624       -48.39
 315.99206  67.90148      -155.58
 311.59209  67.92815     -1161.87
 313.80302  67.92899      -531.67
 317.16627  68.07539       -60.57
 310.51527  68.11223     -1535.53
 314.97197  68.11617      -305.63
 312.75340  68.12865      -816.59
 318.35283  68.24301       -18.71
 316.15425  68.29716      -142.11
 311.68165  68.32012     -1147.15
 313.92895  68.32308      -523.38
 319.55151  68.40419       -22.20
 310.58795  68.50317     -1502.38
 310.66330  68.89455     -1441.75
 317.34970  68.47183       -38.70
 315.11866  68.51131      -290.88
 312.86308  68.52195      -796.53
 318.55811  68.64004        10.01
 316.32237  68.69319      -121.78
 311.77446  68.71252     -1108.83
 314.05949  68.71756      -499.26
 319.77924  68.80165        11.69
 317.53993  68.86859       -14.20
 315.27077  68.90682      -264.22
 312.97679  68.91567      -755.54
 321.01278  68.95652       -24.04
 318.77109  69.03735        37.24
 316.49680  69.08957       -94.28
 311.87072  69.10537     -1045.44
 314.19489  69.11245      -458.21
 320.01560  69.19934        40.72
 317.73737  69.26566        12.57
 310.74147  69.28641     -1353.56
 315.42865  69.30272      -225.64
 313.09480  69.30983      -693.39
 321.27312  69.35441         6.89
 318.99223  69.43495        62.34
 316.67791  69.48631       -60.32
 311.97063  69.49869      -958.12
 314.33548  69.50777      -401.07
 320.26111  69.59727        64.32
 317.94246  69.66306        40.63
 310.82262  69.67875     -1240.44
 315.59264  69.69902      -176.68
 313.21735  69.70445      -612.20
 321.54364  69.75248        30.41
 319.22205  69.83282        84.48
 316.86612  69.88342       -21.63
 312.07442  69.89249      -850.51
 314.48156  69.90352      -330.61
 320.51635  69.99543        82.00
 318.15570  70.06080        68.48
 310.90695  70.07161     -1107.56
 315.76313  70.09573      -120.27
 313.34473  70.09954      -516.26
 321.82498  70.15073        46.35
 319.46108  70.23099       102.67
 309.71528  70.24154     -1374.68
 317.06189  70.28091        19.19
 312.18235  70.28679      -728.38
 314.63348  70.29973      -251.22
 320.78193  70.39383        93.34
 318.37760  70.45887        94.20
 310.99466  70.46499      -961.95
 315.94054  70.49287       -60.36
 313.47727  70.49511      -411.44
 322.11783  70.54915        54.71
 319.70994  70.62945       115.81
 309.78206  70.63386     -1211.18
 317.26570  70.67879        59.01
 312.29467  70.68160      -598.91
 314.79163  70.69640      -168.30
 321.05854  70.79246        98.01
 318.60872  70.85729       115.73
 311.08598  70.85891      -811.64
 316.12531  70.89045        -1.41
 313.61528  70.89119      -304.44
 322.42295  70.94774        55.69
 309.85160  71.02675     -1046.13
 319.96926  71.02820       122.93
 312.41167  71.07696      -469.69
 317.47810  71.07707        94.65
 314.95643  71.09355       -87.54
 321.34690  71.19133        95.93
 311.18113  71.25340      -664.57
 318.84970  71.25607       131.24
 313.75914  71.28779      -201.84
 316.31796  71.28847        52.28
 309.92408  71.42022      -887.19
 320.23975  71.42725       123.43
 312.53369  71.47286      -347.73
 317.69965  71.47575       123.35
 315.12831  71.49119       -14.10
 321.64781  71.59041        87.50
 311.28039  71.64847      -527.57
 319.10119  71.65519       139.46
 313.90926  71.68491      -109.28
 316.51901  71.68694        97.19
 309.99971  71.81430      -740.50
 320.52219  71.82658       117.33
 312.66105  71.86934      -238.60
 317.93100  71.87484       143.21
 315.30777  71.88933        48.02
 308.69225  71.97005      -980.57
 321.96215  71.98971        73.81
 311.38403  72.04414      -405.67
 319.36394  72.05466       139.99
 314.06607  72.08259       -30.82
 316.72905  72.08588       130.98
 310.07871  72.20901      -610.05
 320.81741  72.22619       105.49
 312.79414  72.26640      -145.96
 318.17283  72.27435       153.47
 315.49536  72.28799        96.35
 308.74572  72.36363      -845.56
 311.49238  72.44043      -301.67
 319.63875  72.45449       133.41
 314.23004  72.48082        31.38
 316.94874  72.48529       152.73
 321.12634  72.62608        89.59
 312.93337  72.66406       -71.31
 318.42592  72.67427       154.57
 315.69165  72.68717       130.14
 319.92651  72.85466       121.27
 317.17877  72.88518       162.91
 307.38588  72.50769     -1099.93
 310.16132  72.60436      -497.49
 308.80166  72.75787      -726.84
 311.60577  72.83735      -216.12
 314.40171  72.87963        77.01
 307.41425  72.90064      -976.88
 310.24780  73.00038      -402.31
 306.00012  73.03236     -1230.12
 313.07921  73.06234       -14.25
 318.69110  73.07460       148.00
 315.89731  73.08689       150.13
 308.86023  73.15280      -622.82
 311.72458  73.23493      -147.77
 320.22819  73.25517       105.81
 314.58166  73.27903       107.30
 317.41994  73.28555       163.14
 307.44397  73.29428      -864.53
 310.33846  73.39708      -322.35
 306.00012  73.42452     -1109.95
 313.23215  73.46125        27.10
 318.96928  73.47535       135.97
 316.11304  73.48715       158.20
 308.92165  73.54843      -530.61
 311.84924  73.63319       -94.08
 314.77053  73.67902       124.55
 317.67310  73.68641       155.71
 304.52487  73.68865     -1315.21
 307.47514  73.68865      -759.43
 310.43361  73.79449      -254.55
 306.00012  73.81741      -991.88
 313.39274  73.86081        55.46
 319.26149  73.87651       120.95
 316.33963  73.88796       156.87
 308.98613  73.94480      -446.79
 311.98020  74.03213       -51.99
 314.96902  74.07963       131.51
 304.49213  74.08377     -1179.33
 307.50787  74.08377      -658.14
 317.93920  74.08774       143.18
 310.53362  74.19262      -195.70
 306.00013  74.21105      -872.65
 313.56161  74.26103        73.77
 316.57795  74.28932       148.81
 309.05393  74.34192      -368.30
 312.11797  74.43178       -18.56
 304.45770  74.47965     -1036.60
 307.54230  74.47965      -557.99
 315.17791  74.48085       130.92
 318.21929  74.48957       127.92
 310.63886  74.59150      -143.13
 306.00013  74.60546      -750.30
 313.73943  74.66193        84.69
 316.82898  74.69124       136.46
 309.12531  74.73981      -293.06
 312.26312  74.83216         8.54
 307.57856  74.87632      -457.80
 304.42144  74.87632      -886.77
 315.39808  74.88270       125.20
 310.74980  74.99115       -95.17
 306.00013  75.00067      -624.76
 313.92696  75.06352        90.34
 317.09379  75.09373       121.88
 302.79943  75.13849      -981.75
 309.20058  75.13849      -220.37
 312.41628  75.23329        30.83
 304.38320  75.27380      -732.10
 307.61681  75.27380      -358.14
 315.63049  75.28519       116.28
 310.86692  75.39158       -51.25
 306.00014  75.39670      -498.10
 314.12505  75.46581        92.26
 302.71993  75.53800      -800.92
 309.28007  75.53800      -150.98
 312.57815  75.63517        49.07
 307.65722  75.67213      -261.31
 304.34279  75.67213      -577.29
 315.87623  75.68832       105.76
 310.99076  75.79282       -11.77
 301.00924  75.79282      -830.81
 306.00014  75.79358      -374.26
 314.33464  75.86882        91.61
 302.63583  75.93835      -623.40
 309.36417  75.93835       -86.71
 312.74953  76.03783        63.57
 307.69998  76.07132      -170.79
 304.30002  76.07132      -428.81
 292.49503  76.10157     -1072.15
 306.00014  76.19133      -258.43
 311.12195  76.19489        22.38
 300.87805  76.19489      -639.54
 314.55679  76.27255        89.43
 309.45330  76.33956       -29.95
 302.54670  76.33956      -457.98
 312.93130  76.44128        74.56
 299.06870  76.44128      -634.43
 307.74533  76.47139       -90.54
 304.25468  76.47139      -293.91
 295.58732  76.49651      -773.90
 292.12454  76.50568      -879.21
 306.00015  76.58997      -156.08
 311.26118  76.59780        50.30
 300.73882  76.59780      -467.59
 297.20731  76.67701      -619.31
 293.68296  76.70922      -743.10
 309.54794  76.74165        17.08
 302.45206  76.74165      -313.23
 313.12447  76.84553        82.55
 298.87553  76.84553      -467.16
 304.20651  76.87238      -179.32
 307.79349  76.87238       -24.12
 295.29371  76.90157      -604.31
 291.73064  76.91020      -711.44
 306.00015  76.98953       -71.98
 300.59077  77.00158      -323.87
 311.40924  77.00158        71.53
 296.95629  77.08220      -466.54
 289.73128  77.09896      -679.78
 309.64864  77.14466        52.90
 302.35137  77.14466      -196.22
 298.66983  77.25060      -334.74
 304.15524  77.27430       -90.11
 307.84476  77.27430        26.01
 294.98091  77.30726      -472.73
 306.00015  77.39003        -9.35
 300.43300  77.40624      -214.54
 296.68863  77.48813      -353.01
 302.24400  77.54860      -111.27
 298.45031  77.65650      -241.24
 304.10055  77.67719       -28.98
 294.64694  77.71359      -380.89
 300.26450  77.81180      -142.10
 296.40258  77.89481      -279.89
 292.54503  77.92636      -409.95
 294.28956  78.12053      -324.89
 315.48209  60.73857      -692.56
 316.37599  60.88673      -793.72
 313.89717  61.21385      -611.29
 317.70520  62.21699      -869.96
 316.90652  62.46561      -723.36
 317.04819  62.86050      -666.24
 318.33556  63.79944      -655.98
 319.33438  63.94335      -775.08
 318.50461  64.19528      -604.86
 309.95943  64.61124     -1269.47
 319.90422  65.13265      -634.45
 308.09954  66.13254     -2197.60
 322.75169  66.59832      -681.31
 326.79796  67.75834      -761.26
 328.35185  68.26221      -717.18
 309.41730  68.28775     -1914.12
 329.56892  68.36306      -723.87
 330.79270  68.45681      -715.85
 332.47288  68.93470      -641.43
 307.21813  69.77489     -2234.69
 307.26125  70.55272     -1899.13
 337.79050  71.00804      -603.88
 332.74310  71.11141      -386.15
 308.59204  71.18482     -1295.75
 334.15287  71.19417      -452.18
 307.30796  71.33284     -1549.97
 331.84099  71.41226      -318.01
 308.64108  71.57713     -1131.54
 334.71486  71.58239      -458.65
 330.90651  71.70739      -253.04
 333.82779  71.89132      -391.40
 335.30135  71.96968      -468.22
 331.41749  72.10021      -252.53
 307.35876  72.11543     -1236.23
 306.00012  72.64090     -1356.10
 332.51076  72.88397      -256.06
 333.71063  73.66467      -251.64
 335.35185  73.74974      -331.17
 334.35546  74.05361      -248.08
 336.76184  74.52045      -336.85
 338.50064  74.58824      -420.09
 297.44322  76.27255      -805.60
 294.01641  76.30453      -925.92
 294.16354  80.34989      -378.33
 296.36937  80.52143      -373.43
 333.02599  80.62027      -360.88
 298.66042  80.67721      -373.16
 345.03845  80.82981      -536.99
 338.96155  80.82981      -584.10
 343.58581  81.20533      -581.38
 345.29328  81.49979      -539.56
 330.28066  81.53088      -410.22
 303.24758  81.76491      -648.20
 308.75243  81.76491      -572.09
 306.00023  81.86597      -663.95
 317.52875  82.17625      -591.14
 328.01804  82.81098      -849.13
 321.66551  82.82449      -900.73
 322.58420  83.23728     -1152.39
