 314.79269  76.67701        71.28
 315.04371  77.08220        75.53
 313.33017  77.25060        78.41
 311.56701  77.40624        76.32
 315.31138  77.48813        80.46
 309.75601  77.54860        66.97
 313.54970  77.65650        86.39
 307.89946  77.67719        48.42
 306.00016  77.79151        19.49
 311.73551  77.81180        87.20
 315.59743  77.89481        86.28
 302.12926  77.95350       -72.28
 309.87075  77.95350        80.34
 298.21548  78.06323      -197.77
 313.78452  78.06323        91.86
 304.04206  78.08106        -7.98
 307.95794  78.08106        63.80
 290.38370  78.12582      -434.28
 306.00016  78.19398        36.52
 311.91589  78.21828        91.20
 300.08411  78.21828      -115.51
 315.90388  78.30222        92.09
 296.09613  78.30222      -244.98
 288.16434  78.31137      -459.32
 292.11158  78.33300      -362.27
 309.99367  78.35937        82.00
 302.00633  78.35937       -49.83
 297.96367  78.47081      -169.36
 314.03634  78.47081        94.34
 308.02063  78.48595        62.77
 303.97937  78.48595        -0.92
 293.90618  78.52807      -291.91
 306.00017  78.59749        33.06
 299.89051  78.62569      -105.22
 312.10950  78.62569        88.13
 295.76700  78.71036      -226.64
 316.23301  78.71036        95.62
 301.87430  78.76624       -54.62
 310.12571  78.76624        72.35
 314.30708  78.87925        91.51
 297.69292  78.87925      -169.32
 303.91200  78.89189       -16.59
 308.08801  78.89189        46.53
 306.00017  79.00205        11.35
 299.68214  79.03405      -121.04
 312.31787  79.03405        76.74
 295.41252  79.11923      -233.75
 316.58749  79.11923        93.85
 310.26792  79.17414        50.93
 301.73208  79.17414       -82.08
 297.40098  79.28853      -190.94
 314.59903  79.28853        80.04
 303.83937  79.29889       -51.65
 308.16063  79.29889        15.70
 318.95101  79.34480        91.78
 306.00018  79.40769       -26.85
 312.54278  79.44338        53.74
 299.45723  79.44338      -156.24
 316.97039  79.52878        81.32
 301.57843  79.58309      -128.07
 310.42157  79.58309        15.94
 335.26456  79.68138      -373.35
 314.91479  79.69866        55.61
 297.08522  79.69866      -228.89
 308.23915  79.70699       -30.28
 303.76086  79.70699      -103.57
 319.43226  79.75391        72.70
 306.00019  79.81444       -80.82
 330.97064  79.83173      -188.26
 312.78633  79.85367        15.72
 299.21368  79.85367      -205.84
 326.52905  79.92655       -37.29
 317.38531  79.93902        51.57
 333.65890  79.95893      -319.83
 321.98389  79.96297        43.44
 301.41189  79.99310      -187.75
 310.58812  79.99310       -35.38
 329.20808  80.08601      -140.82
 315.25745  80.10963        12.59
 303.67568  80.11621      -170.98
 308.32432  80.11621       -93.10
 324.62327  80.15505       -15.29
 319.95464  80.16345        31.65
 306.00019  80.22234      -150.87
 331.95563  80.22692      -268.69
 313.05096  80.26495       -41.37
 327.34699  80.32920      -106.67
 317.83647  80.34989        -1.46
 322.62180  80.37094       -14.13
 310.76928  80.40419      -105.29
 301.23072  80.40419      -258.81
 330.15009  80.48456      -226.51
 315.63063  80.52143       -53.93
 303.58295  80.52659      -250.47
 308.41706  80.52659      -172.89
 325.38431  80.56046       -91.58
 320.52366  80.57334       -36.37
 306.00020  80.63141      -237.66
 313.33958  80.67721      -120.97
 328.23798  80.73100      -199.67
 318.32886  80.76134       -81.65
 323.31773  80.77886       -99.75
 310.96711  80.81639      -195.62
 301.03289  80.81639      -339.71
 331.17677  80.88162      -330.35
 316.03865  80.93403      -146.39
 303.48158  80.93814      -341.30
 308.51842  80.93814      -269.98
 326.21555  80.96534      -193.55
 321.14584  80.98348      -132.78
 306.00021  81.04168      -336.77
 298.34436  81.09046      -412.31
 313.65565  81.09046      -223.96
 329.21196  81.13167      -312.79
 318.86843  81.17333      -189.01
 324.07985  81.18660      -211.57
 300.81596  81.22971      -427.95
 311.18404  81.22971      -305.76
 316.48665  81.34740      -263.27
 327.12695  81.36947      -316.16
 321.82896  81.39376      -254.28
 314.00330  81.50468      -347.40
 319.46228  81.58575      -318.73
 324.91796  81.59395      -342.97
 316.98083  81.76149      -398.42
 322.58235  81.80402      -392.72
 320.11902  81.99852      -461.41
 322.63501  72.78890        55.70
 321.44999  73.02624        79.66
 322.99571  73.18875        41.20
 324.56289  73.34196         5.30
 321.78947  73.42664        65.20
 326.15062  73.48565       -26.11
 323.37423  73.58875        28.89
 320.54484  73.65602        88.13
 324.98161  73.74124        -2.06
 322.14600  73.82728        52.15
 326.61060  73.88388       -27.51
 323.77195  73.98886        20.66
 320.87766  74.05718        74.25
 325.42177  74.14050        -3.98
 322.52093  74.22812        42.39
 319.56883  74.27808        92.88
 327.09431  74.28195       -23.60
 324.19042  74.38905        17.41
 321.22794  74.45865        62.55
 325.88507  74.53969        -0.82
 322.91576  74.62916        36.82
 327.60363  74.67977       -16.01
 319.89256  74.68004        79.49
 324.63130  74.78929        18.57
 329.34467  74.80904       -33.43
 321.59713  74.86040        54.10
 318.51453  74.89187        90.65
 326.37340  74.93877         5.58
 323.33214  75.03034        35.13
 328.14067  75.07730        -7.64
 320.23406  75.08237        68.45
 325.09649  75.18953        22.59
 329.93148  75.20461       -26.55
 336.49787  75.21323      -128.60
 321.98684  75.26241        48.99
 318.82623  75.29464        78.42
 331.74402  75.32045       -53.45
 326.88888  75.33766        12.40
 333.57623  75.42457       -86.16
 323.77192  75.43164        35.81
 328.70773  75.47444        -2.03
 320.59486  75.48507        60.24
 317.37357  75.49677        82.16
 335.42588  75.51677      -118.28
 325.58806  75.58971        26.99
 337.29050  75.59684      -140.99
 330.55126  75.59957       -25.67
 322.39886  75.66465        46.28
 319.15584  75.69788        68.59
 332.41742  75.71280       -59.49
 327.43381  75.73630        16.41
 334.30391  75.81386       -99.68
 324.23714  75.83300        37.24
 329.30741  75.87110        -2.64
 320.97668  75.88811        54.68
 317.66967  75.90038        73.28
 336.20824  75.90255      -138.49
 326.10835  75.98977        29.14
 331.20683  75.99380       -34.06
 322.83517  76.06708        44.70
 316.13650  76.09209        73.26
 319.50498  76.10157        61.46
 333.12978  76.10413       -77.06
 328.01081  76.13460        14.70
 335.07371  76.20184      -126.05
 324.73010  76.23437        37.51
 329.94256  76.26717       -12.20
 337.03580  76.28668      -172.04
 321.38144  76.29147        50.95
 317.98360  76.30453        66.89
 331.90132  76.38717       -53.85
 326.65993  76.38963        26.80
 323.29804  76.46965        43.42
 333.88450  76.49430      -107.47
 316.41268  76.49651        70.50
 319.87547  76.50568        57.13
 328.62276  76.53246         5.20
 335.88924  76.58830      -165.67
 325.25338  76.63569        35.12
 330.61638  76.66254       -32.24
 321.81131  76.69509        48.82
 318.31705  76.70922        63.42
 332.63820  76.77952       -85.82
 327.24571  76.78920        18.57
 323.78996  76.87231        41.63
 334.68533  76.88311      -150.60
 316.70630  76.90157        69.93
 320.26936  76.91020        55.21
 329.27290  76.92978       -13.10
 336.75450  76.97304      -217.57
 325.80984  77.03689        29.25
 331.33243  77.05705       -63.11
 322.26872  77.09896        48.25
 318.67193  77.11444        63.29
 333.42137  77.17068      -129.46
 327.86896  77.18839         3.85
 335.53643  77.27036      -205.10
 324.31378  77.27500        38.94
 317.01910  77.30726        72.03
 320.68899  77.31509        56.30
 329.96488  77.32641       -40.27
 337.67393  77.35580      -279.69
 326.40275  77.43786        19.51
 332.09472  77.45055      -104.15
 322.75643  77.50300        49.06
 319.05041  77.52016        66.13
 334.25516  77.56045      -183.35
 328.53334  77.58708       -17.45
 336.44245  77.65580      -268.84
 324.87272  77.67765        34.92
 317.35306  77.71359        76.95
 321.13697  77.72031        60.32
 330.70275  77.72221       -75.86
 327.03578  77.83852         5.54
 332.90771  77.84284      -154.22
 323.27755  77.90716        50.60
 319.45497  77.92636        72.34
 335.14440  77.94860      -245.62
 329.24299  77.98512       -45.39
 337.40856  78.03916      -339.30
 325.47040  78.08015        28.65
 331.49114  78.11699      -119.38
 317.71044  78.12053        83.68
 321.61631  78.12582        66.23
 333.77644  78.23370      -212.11
 327.71309  78.23872       -13.60
 323.83566  78.31137        51.20
 319.88842  78.33300        80.46
 336.09454  78.33486      -314.30
 330.00260  78.38236       -80.51
 338.44055  78.42013      -413.91
 326.11097  78.48241        18.15
 332.33522  78.51056      -170.66
 318.09383  78.52807        91.12
 322.13043  78.53156        71.57
 334.70658  78.62289      -276.79
 328.43943  78.63833       -39.73
 324.43483  78.71554        47.70
 337.11166  78.71893      -387.54
 320.35400  78.74005        87.34
 330.81750  78.77860      -124.00
 326.79917  78.88429         0.14
 333.24089  78.90268      -229.92
 318.50620  78.93617        95.66
 322.68328  78.93744        72.09
 335.70451  79.01010      -347.41
 329.22019  79.03718       -75.57
 338.20259  79.10045      -463.62
 325.07971  79.11954        35.45
 320.85544  79.14744        87.89
 331.69374  79.17362      -177.51
 327.54042  79.28564       -29.62
 334.21480  79.29306      -297.49
 323.27939  79.34340        62.01
 336.77747  79.39500      -423.11
 330.06156  79.43506      -124.22
 339.37503  79.47901      -541.00
 325.77571  79.52327         8.90
 321.39706  79.55511        75.57
 332.63824  79.56717      -242.56
 328.34099  79.68629       -75.51
 323.92401  79.74931        34.80
 325.30684  67.24633      -714.81
 324.44580  67.52113      -580.28
 325.61790  67.64303      -637.11
 324.74629  67.91816      -501.98
 325.94004  68.03965      -557.59
 327.14205  68.15437      -595.00
 323.85042  68.18731      -359.58
 325.05764  68.31516      -425.56
 326.27390  68.43617      -479.33
 324.15022  68.58463      -291.70
 328.73163  68.65721      -537.27
 325.38048  68.71211      -353.70
 329.97202  68.75703      -540.82
 326.62016  68.83257      -405.20
 323.21729  68.84783      -169.01
 331.21932  68.84956      -529.61
 327.86873  68.94589      -442.92
 324.46125  68.98197      -230.73
 333.73202  69.01237      -458.21
 329.12564  69.05194      -465.95
 322.25839  69.10451       -67.90
 325.71551  69.10901      -288.65
 330.39029  69.15062      -475.09
 326.97956  69.22884      -337.79
 331.66203  69.24182      -469.21
 323.51568  69.24548      -121.23
 332.94016  69.32544      -447.58
 328.25283  69.34133      -375.59
 324.78420  69.37930      -178.11
 334.22396  69.40137      -412.79
 329.53474  69.44635      -401.56
 322.54329  69.50241       -33.12
 326.06345  69.50583      -232.17
 330.82462  69.54380      -416.21
 327.35288  69.62495      -279.25
 332.12178  69.63356      -414.19
 323.82567  69.64319       -82.13
 333.42546  69.71553      -399.82
 328.65189  69.73652      -317.52
 325.11979  69.77662      -134.82
 334.73488  69.78961      -369.83
 329.95983  69.84041      -346.67
 336.04920  69.85571      -319.40
 322.83942  69.90042        -6.23
 326.42509  69.90256      -185.59
 331.27598  69.93652      -363.56
 327.74100  70.02087      -231.24
 324.14799  70.04095       -52.03
 329.06683  70.13142      -270.52
 325.46881  70.17392      -101.40
 335.26589  70.17702      -329.77
 330.40190  70.23408      -302.00
 323.14750  70.29855        12.76
 326.80131  70.29918      -149.75
 328.14482  70.41659      -194.74
 324.48341  70.43875       -30.98
 329.49865  70.52601      -235.48
 325.83212  70.57116       -78.04
 327.19301  70.69565      -124.85
 323.46829  70.69678        23.97
 328.56536  70.81205      -169.85
 324.83278  70.83657       -18.76
 329.94840  70.92023      -210.77
 326.21065  70.96834       -64.39
 331.34128  71.02006      -244.84
 327.60122  71.09194      -110.36
 323.80264  71.09510        27.76
 329.00371  71.20722      -155.50
 325.19702  71.23438       -14.70
 330.41727  71.31405      -196.03
 322.74116  71.34648        62.96
 326.60540  71.36541       -59.44
 328.02702  71.48802      -104.86
 324.15146  71.49349        24.83
 329.46103  71.60207      -148.71
 325.57715  71.63217       -17.55
 323.07335  71.74537        56.18
 327.01747  71.76235       -61.45
 328.47160  71.88385      -105.62
 324.51573  71.89193        16.50
 329.93861  71.99653      -147.78
 325.97424  72.02991       -25.40
 323.42050  72.14438        44.92
 327.44805  72.15912       -67.95
 332.90714  72.19476      -215.86
 328.93625  72.27939      -109.50
 324.89654  72.29040         4.72
 322.29087  72.38921        70.01
 330.43784  72.39054      -149.31
 326.38949  72.42756       -35.73
 331.95170  72.49243      -184.37
 323.78368  72.54350        31.07
 327.89844  72.55567       -75.45
 329.42239  72.67456      -113.80
 325.29508  72.68886        -8.05
 330.96023  72.78405      -150.09
 326.82420  72.82509       -45.68
 324.16405  72.94271        17.03
 328.37005  72.95197       -81.27
 329.93154  73.06933      -115.73
 325.71263  73.08729       -19.12
 331.50744  73.17698      -147.75
 327.27979  73.22244       -52.18
 328.86445  73.34795       -83.28
 330.46540  73.46361      -113.57
 327.75783  73.61958       -53.80
 329.38334  73.74354       -80.46
 331.02579  73.85732      -107.13
 332.68371  73.96074      -131.53
 328.26004  74.01644       -50.18
 329.92858  74.13867       -73.37
 331.61474  74.25039       -97.90
 333.31689  74.35137      -120.72
 328.78829  74.41295       -42.50
 335.03324  74.44145      -135.31
 330.50222  74.53327       -64.17
 332.23447  74.64269       -88.78
 333.98321  74.74101      -112.38
 335.74645  74.82804      -127.68
 337.52207  74.90361      -126.09
 331.10654  74.92723       -56.23
 332.88740  75.03413       -83.59
 334.68525  75.12953      -110.39
 315.96282  62.31418      -577.78
 315.14048  62.55148      -509.10
 316.09111  62.70828      -529.99
 315.25881  62.94481      -453.30
 316.22294  63.10249      -477.63
 317.19380  63.25548      -537.20
 315.38044  63.33827      -395.64
 316.35848  63.49682      -425.08
 317.34355  63.65057      -492.20
 316.49791  63.89129      -375.50
 317.49764  64.04578      -449.73
 316.64142  64.28591      -330.62
 317.65628  64.44113      -410.36
 315.76673  64.51962      -247.04
 318.67871  64.59123      -515.55
 316.78921  64.68069      -290.88
 317.81970  64.83662      -373.50
 315.90323  64.91376      -211.06
 318.85809  64.98730      -480.44
 316.94149  65.07565      -255.70
 317.98814  65.23226      -337.90
 316.04392  65.30811      -181.79
 319.04304  65.38350      -443.12
 317.09850  65.47079      -223.98
 318.16186  65.62807      -302.13
 321.17687  65.66950      -669.69
 316.18901  65.70268      -158.18
 319.23384  65.77985      -402.19
 317.26048  65.86614      -194.46
 320.31425  65.92602      -511.32
 318.34114  66.02406      -265.12
 321.40288  66.06650      -618.70
 316.33874  66.09748      -138.93
 319.43079  66.17634      -357.02
 317.42770  66.26169      -166.14
 320.52926  66.32288      -458.43
 323.60385  66.32994      -795.31
 318.52626  66.42023      -226.46
 324.71564  66.45271      -852.44
 321.63631  66.46358      -559.52
 316.49336  66.49253      -122.79
 319.63423  66.57299      -307.96
 317.60042  66.65747      -138.43
 320.75142  66.71986      -400.09
 323.87511  66.72702      -730.07
 318.71754  66.81660      -186.47
 325.00627  66.84955      -787.55
 321.87756  66.86074      -493.94
 319.84451  66.96981      -256.29
 323.01239  66.99552      -581.91
 317.77897  67.05348      -111.20
 320.98111  67.11697      -338.44
 324.15560  67.12408      -657.39
 318.91533  67.21317      -146.10
 322.12706  67.25799      -424.66
 320.06201  67.36679      -203.94
 323.28207  67.39275      -507.52
 317.96364  67.44974       -84.61
 321.21875  67.51422      -276.14
 319.11999  67.60996      -106.61
 322.38526  67.65533      -354.78
 320.28713  67.76395      -153.05
 323.56123  67.79002      -432.38
 321.46480  67.91159      -215.90
 319.33191  68.00696       -69.21
 322.65268  68.05275      -287.31
 320.52032  68.16129      -105.56
 321.71973  68.30910      -160.08
 322.92983  68.45025      -224.77
 320.76203  68.55881       -62.93
 321.98408  68.70674      -110.40
 312.99628  61.05139      -606.92
 315.59769  61.13238      -641.79
 316.50352  61.28138      -688.96
 314.80384  61.37215      -612.14
 313.08158  61.44229      -616.91
 315.71626  61.52624      -638.71
 313.99434  61.60585      -595.27
 312.25049  61.66436      -663.55
 316.63435  61.67606      -683.42
 314.91313  61.76517      -593.98
 317.55806  61.82154      -744.68
 313.16909  61.83330      -604.34
 315.83792  61.92017      -615.80
 314.09404  61.99796      -567.38
 312.32804  62.05430      -652.27
 316.76863  62.07080      -660.61
 315.02530  62.15827      -557.86
 313.25889  62.22442      -573.16
 311.47116  62.26865      -748.58
 314.19639  62.39017      -523.74
 312.40764  62.44437      -624.46
 313.35110  62.61568      -528.51
 314.30151  62.78251      -469.98
 311.54025  62.65760      -730.04
 312.48938  62.83459      -585.20
 310.65674  62.86393      -891.42
 313.44583  63.00708      -475.99
 311.61121  63.04672      -701.62
 314.40953  63.17500      -411.70
 312.57337  63.22499      -539.86
 310.71660  63.25186      -877.65
 313.54318  63.39866      -421.05
 311.68414  63.43603      -668.30
 314.52059  63.56765      -353.93
 312.65972  63.61557      -493.57
 310.77814  63.64001      -859.50
 315.50552  63.73189      -340.31
 313.64330  63.79041      -368.45
 311.75913  63.82555      -634.79
 314.63483  63.96047      -300.66
 312.74853  64.00636      -450.79
 310.84143  64.02837      -841.20
 315.63423  64.12566      -290.25
 313.74631  64.18236      -321.95
 311.83627  64.21529      -605.18
 314.75240  64.35348      -254.62
 312.83993  64.39737      -415.01
 310.90654  64.41698      -826.50
 313.85235  64.57453      -284.14
 311.91567  64.60527      -582.73
 314.87348  64.74669      -217.30
 312.93403  64.78861      -388.66
 310.97358  64.80585      -818.31
 313.96158  64.96693      -256.42
 311.99745  64.99550      -569.63
 314.99824  65.14013      -189.08
 313.03099  65.18011      -373.02
 311.04264  65.19499      -818.56
 314.07415  65.35957      -239.07
 312.08172  65.38601      -566.95
 310.06969  65.38687     -1117.18
 315.12686  65.53379      -169.42
 313.13094  65.57187      -368.19
 311.11381  65.58443      -828.00
 314.19024  65.75247      -231.42
 310.12737  65.77513     -1136.38
 312.16861  65.77681      -574.49
 315.25955  65.92771      -157.14
 309.12255  65.95791     -1465.13
 313.23404  65.96392      -373.19
 311.18722  65.97417      -846.02
 314.31004  66.14564      -231.99
 312.25826  66.16792      -590.83
 315.39652  66.32188      -150.65
 313.34045  66.35627      -386.04
 311.26297  66.36425      -870.66
 314.43373  66.53911      -238.63
 312.35082  66.55935      -613.35
 315.53800  66.71633      -148.12
 313.45036  66.74893      -403.86
 311.34119  66.75466      -898.69
 316.65312  66.88783      -108.61
 314.56154  66.93288      -248.69
 310.31172  66.94197     -1219.13
 312.44643  66.95112      -638.42
 315.68423  67.11108      -147.58
 313.56395  67.14193      -423.13
 311.42202  67.14544      -925.86
 316.81833  67.28340       -95.43
 314.69368  67.32697      -259.23
 310.37728  67.33165     -1243.02
 312.54528  67.34325      -661.75
 315.83550  67.50612      -146.98
 313.68143  67.53528      -439.96
 311.50561  67.53660      -947.31
 316.98927  67.67925       -82.36
 314.83040  67.72140      -267.14
 310.44509  67.72174     -1257.12
 312.64754  67.73575      -678.70
 318.15481  67.84624       -58.91
 315.99206  67.90148      -144.33
 311.59209  67.92815      -958.08
 313.80302  67.92899      -450.37
 317.16627  68.07539       -68.51
 310.51527  68.11223     -1256.61
 314.97197  68.11617      -269.45
 312.75340  68.12865      -684.84
 318.35283  68.24301       -34.27
 316.15425  68.29716      -137.74
 311.68165  68.32012      -953.75
 313.92895  68.32308      -450.80
 319.55151  68.40419       -34.90
 310.58795  68.50317     -1237.53
 310.66330  68.89455     -1197.35
 317.34970  68.47183       -53.08
 315.11866  68.51131      -263.60
 312.86308  68.52195      -676.44
 318.55811  68.64004       -10.72
 316.32237  68.69319      -125.66
 311.77446  68.71252      -930.96
 314.05949  68.71756      -438.43
 319.77924  68.80165        -4.23
 317.53993  68.86859       -35.35
 315.27077  68.90682      -247.73
 312.97679  68.91567      -650.99
 321.01278  68.95652       -26.06
 318.77109  69.03735        11.86
 316.49680  69.08957      -107.09
 311.87072  69.10537      -887.91
 314.19489  69.11245      -411.64
 320.01560  69.19934        22.55
 317.73737  69.26566       -14.94
 310.74147  69.28641     -1135.32
 315.42865  69.30272      -221.04
 313.09480  69.30983      -607.55
 321.27312  69.35441         4.65
 318.99223  69.43495        33.51
 316.67791  69.48631       -81.80
 311.97063  69.49869      -824.75
 314.33548  69.50777      -370.28
 320.26111  69.59727        45.33
 317.94246  69.66306         8.05
 310.82262  69.67875     -1052.74
 315.59264  69.69902      -183.95
 313.21735  69.70445      -547.02
 321.54364  69.75248        29.06
 319.22205  69.83282        54.01
 316.86612  69.88342       -50.55
 312.07442  69.89249      -743.55
 314.48156  69.90352      -315.82
 320.51635  69.99543        63.98
 318.15570  70.06080        32.84
 310.90695  70.07161      -952.84
 315.76313  70.09573      -138.23
 313.34473  70.09954      -472.09
 321.82498  70.15073        47.13
 319.46108  70.23099        72.79
 309.71528  70.24154     -1168.59
 317.06189  70.28091       -15.06
 312.18235  70.28679      -648.21
 314.63348  70.29973      -251.28
 320.78193  70.39383        78.17
 318.37760  70.45887        57.98
 310.99466  70.46499      -840.43
 315.94054  70.49287       -86.84
 313.47727  70.49511      -387.04
 322.11783  70.54915        58.80
 319.70994  70.62945        88.82
 309.78206  70.63386     -1045.21
 317.26570  70.67879        22.06
 312.29467  70.68160      -544.03
 314.79163  70.69640      -180.88
 321.05854  70.79246        87.40
 318.60872  70.85729        81.47
 311.08598  70.85891      -721.38
 316.12531  70.89045       -33.62
 313.61528  70.89119      -297.19
 322.42295  70.94774        64.02
 309.85160  71.02675      -917.77
 319.96926  71.02820       100.85
 312.41167  71.07696      -437.04
 317.47810  71.07707        57.70
 314.95643  71.09355      -109.59
 321.34690  71.19133        91.16
 311.18113  71.25340      -601.93
 318.84970  71.25607       101.12
 313.75914  71.28779      -208.30
 316.31796  71.28847        17.25
 309.92408  71.42022      -792.06
 320.23975  71.42725       107.68
 312.53369  71.47286      -333.32
 317.69965  71.47575        88.71
 315.12831  71.49119       -42.42
 321.64781  71.59041        89.18
 311.28039  71.64847      -487.89
 319.10119  71.65519       114.97
 313.90926  71.68491      -125.82
 316.51901  71.68694        61.82
 309.99971  71.81430      -673.15
 320.52219  71.82658       108.53
 312.66105  71.86934      -238.24
 317.93100  71.87484       112.46
 315.30777  71.88933        16.20
 308.69225  71.97005      -886.47
 321.96215  71.98971        81.78
 311.38403  72.04414      -384.08
 319.36394  72.05466       121.74
 314.06607  72.08259       -54.22
 316.72905  72.08588        97.00
 310.07871  72.20901      -564.85
 320.81741  72.22619       103.39
 312.79414  72.26640      -155.90
 318.17283  72.27435       127.26
 315.49536  72.28799        63.04
 308.74572  72.36363      -777.61
 311.49238  72.44043      -293.79
 319.63875  72.45449       121.13
 314.23004  72.48082         3.49
 316.94874  72.48529       120.97
 321.12634  72.62608        93.17
 312.93337  72.66406       -88.69
 318.42592  72.67427       132.74
 315.69165  72.68717        96.44
 319.92651  72.85466       114.01
 317.17877  72.88518       133.42
 307.38588  72.50769     -1014.28
 310.16132  72.60436      -469.36
 308.80166  72.75787      -679.21
 311.60577  72.83735      -218.53
 314.40171  72.87963        46.10
 307.41425  72.90064      -914.52
 310.24780  73.00038      -387.20
 306.00012  73.03236     -1161.85
 313.07921  73.06234       -37.17
 318.69110  73.07460       129.80
 315.89731  73.08689       116.40
 308.86023  73.15280      -590.78
 311.72458  73.23493      -158.09
 320.22819  73.25517       102.21
 314.58166  73.27903        74.10
 317.41994  73.28555       135.51
 307.44397  73.29428      -819.99
 310.33846  73.39708      -317.38
 306.00012  73.42452     -1061.14
 313.23215  73.46125        -0.24
 318.96928  73.47535       120.44
 316.11304  73.48715       124.43
 308.92165  73.54843      -510.69
 311.84924  73.63319      -110.80
 314.77053  73.67902        89.45
 317.67310  73.68641       129.47
 304.52487  73.68865     -1278.59
 307.47514  73.68865      -728.62
 310.43361  73.79449      -257.78
 306.00012  73.81741      -957.77
 313.39274  73.86081        24.46
 319.26149  73.87651       107.25
 316.33963  73.88796       123.12
 308.98613  73.94480      -436.61
 311.98020  74.03213       -74.02
 314.96902  74.07963        95.01
 304.49213  74.08377     -1156.22
 307.50787  74.08377      -638.16
 317.93920  74.08774       118.17
 310.53362  74.19262      -205.73
 306.00013  74.21105      -849.82
 313.56161  74.26103        39.97
 316.57795  74.28932       115.53
 309.05393  74.34192      -366.15
 312.11797  74.43178       -44.78
 304.45770  74.47965     -1023.44
 307.54230  74.47965      -546.81
 315.17791  74.48085        93.99
 318.21929  74.48957       104.44
 310.63886  74.59150      -158.66
 306.00013  74.60546      -736.35
 313.73943  74.66193        49.38
 316.82898  74.69124       104.65
 309.12531  74.73981      -297.49
 312.26312  74.83216       -20.40
 307.57856  74.87632      -453.81
 304.42144  74.87632      -881.07
 315.39808  74.88270        89.36
 310.74980  74.99115      -114.67
 306.00013  75.00067      -617.95
 313.92696  75.06352        55.34
 317.09379  75.09373        92.96
 302.79943  75.13849      -992.13
 309.20058  75.13849      -229.86
 312.41628  75.23329         1.08
 304.38320  75.27380      -732.10
 307.61681  75.27380      -359.88
 315.63049  75.28519        83.42
 310.86692  75.39158       -72.88
 306.00014  75.39670      -496.96
 314.12505  75.46581        59.72
 302.71993  75.53800      -814.47
 309.28007  75.53800      -163.82
 312.57815  75.63517        20.69
 307.65722  75.67213      -267.25
 304.34279  75.67213      -581.61
 315.87623  75.68832        77.75
 310.99076  75.79282       -33.47
 301.00924  75.79282      -862.47
 306.00014  75.79358      -377.47
 314.33464  75.86882        63.58
 302.63583  75.93835      -638.87
 309.36417  75.93835      -101.13
 312.74953  76.03783        38.59
 307.69998  76.07132      -179.44
 304.30002  76.07132      -436.30
 292.49503  76.10157     -1181.86
 306.00014  76.19133      -264.75
 311.12195  76.19489         2.47
 300.87805  76.19489      -669.51
 314.55679  76.27255        67.37
 309.45330  76.33956       -44.31
 302.54670  76.33956      -474.34
 312.93130  76.44128        54.44
 299.06870  76.44128      -678.58
 307.74533  76.47139      -100.56
 304.25468  76.47139      -303.56
 295.58732  76.49651      -846.92
 292.12454  76.50568      -961.33
 306.00015  76.58997      -164.45
 311.26118  76.59780        33.52
 300.73882  76.59780      -494.93
 297.20731  76.67701      -673.02
 293.68296  76.70922      -812.48
 309.54794  76.74165         3.93
 302.45206  76.74165      -329.64
 313.12447  76.84553        67.79
 298.87553  76.84553      -503.94
 304.20651  76.87238      -190.30
 307.79349  76.87238       -34.55
 295.29371  76.90157      -659.30
 291.73064  76.91020      -766.04
 306.00015  76.98953       -81.60
 300.59077  77.00158      -347.79
 311.40924  77.00158        58.38
 296.95629  77.08220      -507.35
 289.73128  77.09896      -712.78
 309.64864  77.14466        41.43
 302.35137  77.14466      -211.95
 298.66983  77.25060      -363.42
 304.15524  77.27430      -101.81
 307.84476  77.27430        15.62
 294.98091  77.30726      -509.54
 306.00015  77.39003       -19.76
 300.43300  77.40624      -234.36
 296.68863  77.48813      -380.57
 302.24400  77.54860      -125.75
 298.45031  77.65650      -261.32
 304.10055  77.67719       -40.96
 294.64694  77.71359      -400.06
 300.26450  77.81180      -157.27
 296.40258  77.89481      -294.31
 292.54503  77.92636      -415.29
 294.28956  78.12053      -327.95
 315.48209  60.73857      -621.70
 316.37599  60.88673      -673.39
 313.89717  61.21385      -602.56
 317.70520  62.21699      -724.97
 316.90652  62.46561      -625.36
 317.04819  62.86050      -582.72
 318.33556  63.79944      -585.64
 319.33438  63.94335      -692.33
 318.50461  64.19528      -550.16
 309.95943  64.61124     -1099.74
 319.90422  65.13265      -597.45
 308.09954  66.13254     -1783.98
 322.75169  66.59832      -652.28
 326.79796  67.75834      -673.70
 328.35185  68.26221      -612.37
 309.41730  68.28775     -1551.54
 329.56892  68.36306      -610.30
 330.79270  68.45681      -591.09
 332.47288  68.93470      -500.54
 307.21813  69.77489     -1820.54
 307.26125  70.55272     -1595.91
 337.79050  71.00804      -183.21
 332.74310  71.11141      -269.49
 308.59204  71.18482     -1130.08
 334.15287  71.19417      -278.36
 307.30796  71.33284     -1352.45
 331.84099  71.41226      -230.70
 308.64108  71.57713     -1004.81
 334.71486  71.58239      -258.19
 330.90651  71.70739      -189.01
 333.82779  71.89132      -241.49
 335.30135  71.96968      -237.90
 331.41749  72.10021      -186.29
 307.35876  72.11543     -1120.62
 306.00012  72.64090     -1262.12
 332.51076  72.88397      -180.39
 333.71063  73.66467      -161.25
 335.35185  73.74974      -165.41
 334.35546  74.05361      -147.77
 336.76184  74.52045      -133.25
 338.50064  74.58824      -106.69
 297.44322  76.27255      -871.45
 294.01641  76.30453     -1018.35
 294.16354  80.34989      -343.70
 296.36937  80.52143      -336.39
 333.02599  80.62027      -364.21
 298.66042  80.67721      -336.45
 345.03845  80.82981      -840.09
 338.96155  80.82981      -637.85
 343.58581  81.20533      -830.16
 345.29328  81.49979      -906.16
 330.28066  81.53088      -438.76
 303.24758  81.76491      -545.38
 308.75243  81.76491      -505.96
 306.00023  81.86597      -562.80
 317.52875  82.17625      -541.65
 328.01804  82.81098      -741.24
 321.66551  82.82449      -735.41
 322.58420  83.23728      -843.08
