 314.79269  76.67701        39.84
 315.04371  77.08220        54.29
 313.33017  77.25060        26.11
 311.56701  77.40624        -4.65
 315.31138  77.48813        68.61
 309.75601  77.54860       -33.89
 313.54970  77.65650        44.62
 307.89946  77.67719       -58.03
 306.00016  77.79151       -75.27
 311.73551  77.81180        19.35
 315.59743  77.89481        82.16
 302.12926  77.95350       -99.61
 309.87075  77.95350        -3.66
 298.21548  78.06323      -122.38
 313.78452  78.06323        60.81
 304.04206  78.08106       -65.28
 307.95794  78.08106       -22.05
 290.38370  78.12582      -185.74
 306.00016  78.19398       -35.43
 311.91589  78.21828        38.37
 300.08411  78.21828       -87.52
 315.90388  78.30222        93.33
 296.09613  78.30222      -124.16
 288.16434  78.31137      -180.54
 292.11158  78.33300      -164.86
 309.99367  78.35937        17.83
 302.00633  78.35937       -58.50
 297.96367  78.47081       -93.25
 314.03634  78.47081        73.35
 308.02063  78.48595         0.71
 303.97937  78.48595       -34.49
 293.90618  78.52807      -141.42
 306.00017  78.59749       -13.53
 299.89051  78.62569       -66.53
 312.10950  78.62569        50.92
 295.76700  78.71036      -117.38
 316.23301  78.71036        99.61
 301.87430  78.76624       -44.73
 310.12571  78.76624        29.14
 314.30708  78.87925        79.43
 297.69292  78.87925       -94.69
 303.91200  78.89189       -26.70
 308.08801  78.89189         9.05
 306.00017  79.00205       -10.19
 299.68214  79.03405       -74.37
 312.31787  79.03405        54.71
 295.41252  79.11923      -137.63
 316.58749  79.11923        98.48
 310.26792  79.17414        28.23
 301.73208  79.17414       -56.74
 297.40098  79.28853      -121.74
 314.59903  79.28853        75.56
 303.83937  79.29889       -41.27
 308.16063  79.29889         1.57
 318.95101  79.34480       100.63
 306.00018  79.40769       -25.85
 312.54278  79.44338        45.92
 299.45723  79.44338      -106.59
 316.97039  79.52878        85.59
 301.57843  79.58309       -92.18
 310.42157  79.58309        12.20
 335.26456  79.68138      -372.71
 314.91479  79.69866        57.80
 297.08522  79.69866      -168.81
 308.23915  79.70699       -23.71
 303.76086  79.70699       -77.32
 319.43226  79.75391        75.00
 306.00019  79.81444       -61.19
 330.97064  79.83173      -240.41
 312.78633  79.85367        20.74
 299.21368  79.85367      -158.42
 326.52905  79.92655       -74.67
 317.38531  79.93902        55.80
 333.65890  79.95893      -347.61
 321.98389  79.96297        34.17
 301.41189  79.99310      -147.13
 310.58812  79.99310       -22.39
 329.20808  80.08601      -189.91
 315.25745  80.10963        21.21
 303.67568  80.11621      -134.09
 308.32432  80.11621       -69.20
 324.62327  80.15505       -41.33
 319.95464  80.16345        29.47
 306.00019  80.22234      -117.10
 331.95563  80.22692      -308.79
 313.05096  80.26495       -24.79
 327.34699  80.32920      -146.95
 317.83647  80.34989         4.12
 322.62180  80.37094       -29.02
 310.76928  80.40419       -78.21
 301.23072  80.40419      -218.40
 330.15009  80.48456      -267.57
 315.63063  80.52143       -38.56
 303.58295  80.52659      -208.27
 308.41706  80.52659      -135.63
 325.38431  80.56046      -120.27
 320.52366  80.57334       -39.91
 306.00020  80.63141      -194.09
 313.33958  80.67721       -93.95
 328.23798  80.73100      -234.54
 318.32886  80.76134       -72.81
 323.31773  80.77886      -115.43
 310.96711  80.81639      -157.03
 301.03289  80.81639      -302.62
 331.17677  80.88162      -351.25
 316.03865  80.93403      -123.91
 303.48158  80.93814      -297.64
 308.51842  80.93814      -223.05
 326.21555  80.96534      -217.99
 321.14584  80.98348      -134.30
 306.00021  81.04168      -287.66
 298.34436  81.09046      -386.30
 313.65565  81.09046      -187.76
 329.21196  81.13167      -331.97
 318.86843  81.17333      -175.27
 324.07985  81.18660      -222.98
 300.81596  81.22971      -394.92
 311.18404  81.22971      -258.23
 316.48665  81.34740      -233.87
 327.12695  81.36947      -328.48
 321.82896  81.39376      -250.84
 314.00330  81.50468      -303.77
 319.46228  81.58575      -299.33
 324.91796  81.59395      -344.98
 316.98083  81.76149      -363.31
 322.58235  81.80402      -382.04
 320.11902  81.99852      -436.71
 322.63501  72.78890        87.89
 321.44999  73.02624        85.26
 322.99571  73.18875        85.47
 324.56289  73.34196        76.56
 321.78947  73.42664        84.80
 326.15062  73.48565        60.05
 323.37423  73.58875        81.32
 320.54484  73.65602        81.03
 324.98161  73.74124        70.89
 322.14600  73.82728        82.50
 326.61060  73.88388        53.27
 323.77195  73.98886        77.16
 320.87766  74.05718        81.08
 325.42177  74.14050        65.84
 322.52093  74.22812        80.15
 319.56883  74.27808        77.12
 327.09431  74.28195        47.83
 324.19042  74.38905        74.31
 321.22794  74.45865        80.77
 325.88507  74.53969        62.11
 322.91576  74.62916        79.13
 327.60363  74.67977        43.17
 319.89256  74.68004        79.00
 324.63130  74.78929        72.44
 329.34467  74.80904        16.76
 321.59713  74.86040        81.58
 318.51453  74.89187        73.29
 326.37340  74.93877        59.06
 323.33214  75.03034        79.73
 328.14067  75.07730        37.51
 320.23406  75.08237        81.58
 325.09649  75.18953        71.28
 329.93148  75.20461         8.25
 336.49787  75.21323       -45.65
 321.98684  75.26241        84.12
 318.82623  75.29464        77.60
 331.74402  75.32045       -23.40
 326.88888  75.33766        54.66
 333.57623  75.42457       -46.94
 323.77192  75.43164        80.61
 328.70773  75.47444        28.29
 320.59486  75.48507        85.66
 317.37357  75.49677        66.80
 335.42588  75.51677       -48.43
 325.58806  75.58971        68.83
 337.29050  75.59684       -14.06
 330.55126  75.59957        -4.99
 322.39886  75.66465        87.48
 319.15584  75.69788        83.04
 332.41742  75.71280       -36.48
 327.43381  75.73630        46.17
 334.30391  75.81386       -52.64
 324.23714  75.83300        80.56
 329.30741  75.87110        12.87
 320.97668  75.88811        91.05
 317.66967  75.90038        73.80
 336.20824  75.90255       -38.17
 326.10835  75.98977        62.41
 331.20683  75.99380       -24.92
 322.83517  76.06708        89.89
 316.13650  76.09209        55.23
 319.50498  76.10157        89.74
 333.12978  76.10413       -54.96
 328.01081  76.13460        30.94
 335.07371  76.20184       -61.38
 324.73010  76.23437        77.16
 329.94256  76.26717       -10.65
 337.03580  76.28668       -28.96
 321.38144  76.29147        96.00
 317.98360  76.30453        81.86
 331.90132  76.38717       -52.41
 326.65993  76.38963        49.54
 323.29804  76.46965        89.85
 333.88450  76.49430       -79.00
 316.41268  76.49651        65.48
 319.87547  76.50568        97.10
 328.62276  76.53246         7.24
 335.88924  76.58830       -73.43
 325.25338  76.63569        68.19
 330.61638  76.66254       -42.82
 321.81131  76.69509        99.12
 318.31705  76.70922        90.78
 332.63820  76.77952       -87.00
 327.24571  76.78920        28.65
 323.78996  76.87231        85.48
 334.68533  76.88311      -107.79
 316.70630  76.90157        76.47
 320.26936  76.91020       103.06
 329.27290  76.92978       -25.28
 336.75450  76.97304       -88.63
 325.80984  77.03689        52.24
 331.33243  77.05705       -82.75
 322.26872  77.09896        99.26
 318.67193  77.11444        99.89
 333.42137  77.17068      -127.08
 327.86896  77.18839        -0.52
 335.53643  77.27036      -139.98
 324.31378  77.27500        75.54
 317.01910  77.30726        87.84
 320.68899  77.31509       107.12
 329.96488  77.32641       -65.55
 337.67393  77.35580      -106.71
 326.40275  77.43786        29.03
 332.09472  77.45055      -128.42
 322.75643  77.50300        95.32
 319.05041  77.52016       107.16
 334.25516  77.56045      -170.57
 328.53334  77.58708       -37.00
 336.44245  77.65580      -174.21
 324.87272  77.67765        59.56
 317.35306  77.71359        98.70
 321.13697  77.72031       108.42
 330.70275  77.72221      -111.58
 327.03578  77.83852        -0.84
 332.90771  77.84284      -177.51
 323.27755  77.90716        86.58
 319.45497  77.92636       112.59
 335.14440  77.94860      -215.51
 329.24299  77.98512       -79.20
 337.40856  78.03916      -209.26
 325.47040  78.08015        37.59
 331.49114  78.11699      -161.26
 317.71044  78.12053       107.16
 321.61631  78.12582       105.95
 333.77644  78.23370      -228.01
 327.71309  78.23872       -36.51
 323.83566  78.31137        72.40
 319.88842  78.33300       114.81
 336.09454  78.33486      -260.35
 330.00260  78.38236      -125.71
 338.44055  78.42013      -243.75
 326.11097  78.48241         9.55
 332.33522  78.51056      -213.09
 318.09383  78.52807       112.30
 322.13043  78.53156        98.30
 334.70658  78.62289      -278.56
 328.43943  78.63833       -77.59
 324.43483  78.71554        51.62
 337.11166  78.71893      -303.55
 320.35400  78.74005       111.72
 330.81750  78.77860      -175.89
 326.79917  78.88429       -25.38
 333.24089  78.90268      -266.28
 318.50620  78.93617       111.43
 322.68328  78.93744        83.27
 335.70451  79.01010      -327.90
 329.22019  79.03718      -124.56
 338.20259  79.10045      -342.48
 325.07971  79.11954        22.17
 320.85544  79.14744       100.16
 331.69374  79.17362      -229.85
 327.54042  79.28564       -68.95
 334.21480  79.29306      -320.15
 323.27939  79.34340        57.60
 336.77747  79.39500      -373.64
 330.06156  79.43506      -178.59
 339.37503  79.47901      -371.92
 325.77571  79.52327       -18.90
 321.39706  79.55511        75.89
 332.63824  79.56717      -287.61
 328.34099  79.68629      -123.33
 323.92401  79.74931        17.31
 325.30684  67.24633      -416.49
 324.44580  67.52113      -346.73
 325.61790  67.64303      -374.17
 324.74629  67.91816      -301.27
 325.94004  68.03965      -328.31
 327.14205  68.15437      -349.06
 323.85042  68.18731      -224.93
 325.05764  68.31516      -253.75
 326.27390  68.43617      -280.30
 324.15022  68.58463      -179.43
 328.73163  68.65721      -315.30
 325.38048  68.71211      -205.96
 329.97202  68.75703      -319.32
 326.62016  68.83257      -231.77
 323.21729  68.84783      -113.97
 331.21932  68.84956      -316.45
 327.86873  68.94589      -253.33
 324.46125  68.98197      -135.10
 333.73202  69.01237      -317.63
 329.12564  69.05194      -267.60
 322.25839  69.10451       -63.97
 325.71551  69.10901      -159.71
 330.39029  69.15062      -274.33
 326.97956  69.22884      -184.46
 331.66203  69.24182      -276.55
 323.51568  69.24548       -75.19
 332.94016  69.32544      -282.80
 328.25283  69.34133      -205.53
 324.78420  69.37930       -93.65
 334.22396  69.40137      -307.28
 329.53474  69.44635      -220.53
 322.54329  69.50241       -31.50
 326.06345  69.50583      -116.60
 330.82462  69.54380      -230.82
 327.35288  69.62495      -140.18
 332.12178  69.63356      -239.62
 323.82567  69.64319       -39.76
 333.42546  69.71553      -260.35
 328.65189  69.73652      -160.74
 325.11979  69.77662       -56.42
 334.73488  69.78961      -304.47
 329.95983  69.84041      -177.14
 336.04920  69.85571      -380.36
 322.83942  69.90042        -2.01
 326.42509  69.90256       -78.08
 331.27598  69.93652      -191.02
 327.74100  70.02087      -100.68
 324.14799  70.04095        -8.76
 329.06683  70.13142      -121.37
 325.46881  70.17392       -24.48
 335.26589  70.17702      -311.21
 330.40190  70.23408      -140.12
 323.14750  70.29855        23.58
 326.80131  70.29918       -45.36
 328.14482  70.41659       -67.67
 324.48341  70.43875        17.04
 329.49865  70.52601       -89.72
 325.83212  70.57116         1.38
 327.19301  70.69565       -19.49
 323.46829  70.69678        44.61
 328.56536  70.81205       -42.60
 324.83278  70.83657        37.09
 329.94840  70.92023       -67.15
 326.21065  70.96834        20.63
 331.34128  71.02006       -95.93
 327.60122  71.09194        -1.21
 323.80264  71.09510        60.58
 329.00371  71.20722       -26.41
 325.19702  71.23438        51.10
 330.41727  71.31405       -55.15
 322.74116  71.34648        71.87
 326.60540  71.36541        32.98
 328.02702  71.48802         9.16
 324.15146  71.49349        71.21
 329.46103  71.60207       -19.27
 325.57715  71.63217        59.02
 323.07335  71.74537        81.12
 327.01747  71.76235        38.57
 328.47160  71.88385        11.87
 324.51573  71.89193        76.48
 329.93861  71.99653       -20.56
 325.97424  72.02991        61.23
 323.42050  72.14438        85.52
 327.44805  72.15912        38.06
 332.90714  72.19476      -110.26
 328.93625  72.27939         8.03
 324.89654  72.29040        76.83
 322.29087  72.38921        87.00
 330.43784  72.39054       -28.39
 326.38949  72.42756        58.60
 331.95170  72.49243       -72.71
 323.78368  72.54350        85.47
 327.89844  72.55567        32.49
 329.42239  72.67456        -0.39
 325.29508  72.68886        73.23
 330.96023  72.78405       -40.03
 326.82420  72.82509        52.49
 324.16405  72.94271        81.98
 328.37005  72.95197        23.95
 329.93154  73.06933       -11.04
 325.71263  73.08729        67.15
 331.50744  73.17698       -52.42
 327.27979  73.22244        44.27
 328.86445  73.34795        14.49
 330.46540  73.46361       -21.59
 327.75783  73.61958        36.11
 329.38334  73.74354         5.72
 331.02579  73.85732       -30.32
 332.68371  73.96074       -68.78
 328.26004  74.01644        29.03
 329.92858  74.13867        -1.63
 331.61474  74.25039       -36.48
 333.31689  74.35137       -69.76
 328.78829  74.41295        22.98
 335.03324  74.44145       -92.10
 330.50222  74.53327        -7.91
 332.23447  74.64269       -40.41
 333.98321  74.74101       -65.86
 335.74645  74.82804       -72.44
 337.52207  74.90361       -47.69
 331.10654  74.92723       -14.51
 332.88740  75.03413       -43.35
 334.68525  75.12953       -58.21
 315.96282  62.31418      -273.51
 315.14048  62.55148      -283.99
 316.09111  62.70828      -270.10
 315.25881  62.94481      -265.67
 316.22294  63.10249      -250.98
 317.19380  63.25548      -257.78
 315.38044  63.33827      -235.06
 316.35848  63.49682      -221.96
 317.34355  63.65057      -233.81
 316.49791  63.89129      -188.77
 317.49764  64.04578      -207.06
 316.64142  64.28591      -156.43
 317.65628  64.44113      -181.85
 315.76673  64.51962      -126.65
 318.67871  64.59123      -233.77
 316.78921  64.68069      -128.74
 317.81970  64.83662      -161.03
 315.90323  64.91376       -99.97
 318.85809  64.98730      -218.86
 316.94149  65.07565      -108.05
 317.98814  65.23226      -145.96
 316.04392  65.30811       -82.21
 319.04304  65.38350      -207.54
 317.09850  65.47079       -95.15
 318.16186  65.62807      -136.49
 321.17687  65.66950      -360.25
 316.18901  65.70268       -73.69
 319.23384  65.77985      -198.92
 317.26048  65.86614       -89.46
 320.31425  65.92602      -272.02
 318.34114  66.02406      -131.34
 321.40288  66.06650      -344.84
 316.33874  66.09748       -73.41
 319.43079  66.17634      -191.35
 317.42770  66.26169       -89.34
 320.52926  66.32288      -259.23
 323.60385  66.32994      -456.47
 318.52626  66.42023      -128.53
 324.71564  66.45271      -486.99
 321.63631  66.46358      -325.15
 316.49336  66.49253       -79.43
 319.63423  66.57299      -182.86
 317.60042  66.65747       -92.54
 320.75142  66.71986      -242.84
 323.87511  66.72702      -425.26
 318.71754  66.81660      -125.86
 325.00627  66.84955      -454.26
 321.87756  66.86074      -300.20
 319.84451  66.96981      -171.72
 323.01239  66.99552      -349.55
 317.77897  67.05348       -96.63
 320.98111  67.11697      -221.82
 324.15560  67.12408      -388.47
 318.91533  67.21317      -121.41
 322.12706  67.25799      -269.73
 320.06201  67.36679      -156.76
 323.28207  67.39275      -311.80
 317.96364  67.44974       -99.43
 321.21875  67.51422      -195.97
 319.11999  67.60996      -113.80
 322.38526  67.65533      -234.35
 320.28713  67.76395      -137.62
 323.56123  67.79002      -269.70
 321.46480  67.91159      -165.86
 319.33191  68.00696      -102.35
 322.65268  68.05275      -195.39
 320.52032  68.16129      -114.67
 321.71973  68.30910      -132.74
 322.92983  68.45025      -154.63
 320.76203  68.55881       -88.85
 321.98408  68.70674       -98.22
 312.99628  61.05139      -205.10
 315.59769  61.13238      -145.13
 316.50352  61.28138      -153.73
 314.80384  61.37215      -212.83
 313.08158  61.44229      -279.01
 315.71626  61.52624      -213.87
 313.99434  61.60585      -270.26
 312.25049  61.66436      -349.70
 316.63435  61.67606      -219.29
 314.91313  61.76517      -261.62
 317.55806  61.82154      -236.68
 313.16909  61.83330      -324.94
 315.83792  61.92017      -256.04
 314.09404  61.99796      -302.68
 312.32804  62.05430      -383.47
 316.76863  62.07080      -259.23
 315.02530  62.15827      -284.26
 313.25889  62.22442      -344.38
 311.47116  62.26865      -447.44
 314.19639  62.39017      -310.26
 312.40764  62.44437      -392.08
 313.35110  62.61568      -340.90
 314.30151  62.78251      -297.31
 311.54025  62.65760      -445.33
 312.48938  62.83459      -379.94
 310.65674  62.86393      -495.51
 313.44583  63.00708      -319.51
 311.61121  63.04672      -424.70
 314.40953  63.17500      -269.35
 312.57337  63.22499      -352.57
 310.71660  63.25186      -464.24
 313.54318  63.39866      -286.11
 311.68414  63.43603      -391.45
 314.52059  63.56765      -232.39
 312.65972  63.61557      -316.00
 310.77814  63.64001      -422.89
 315.50552  63.73189      -198.14
 313.64330  63.79041      -246.74
 311.75913  63.82555      -351.64
 314.63483  63.96047      -192.34
 312.74853  64.00636      -276.16
 310.84143  64.02837      -377.54
 315.63423  64.12566      -160.47
 313.74631  64.18236      -207.02
 311.83627  64.21529      -310.98
 314.75240  64.35348      -154.40
 312.83993  64.39737      -238.31
 310.90654  64.41698      -333.72
 313.85235  64.57453      -171.71
 311.91567  64.60527      -274.40
 314.87348  64.74669      -122.66
 312.93403  64.78861      -206.72
 310.97358  64.80585      -296.02
 313.96158  64.96693      -144.36
 311.99745  64.99550      -245.71
 314.99824  65.14013       -99.86
 313.03099  65.18011      -184.40
 311.04264  65.19499      -267.83
 314.07415  65.35957      -127.14
 312.08172  65.38601      -227.40
 310.06969  65.38687      -248.41
 315.12686  65.53379       -87.24
 313.13094  65.57187      -172.99
 311.11381  65.58443      -251.22
 314.19024  65.75247      -120.78
 310.12737  65.77513      -230.68
 312.16861  65.77681      -220.61
 315.25955  65.92771       -84.65
 309.12255  65.95791      -142.94
 313.23404  65.96392      -172.73
 311.18722  65.97417      -246.89
 314.31004  66.14564      -124.68
 312.25826  66.16792      -225.12
 315.39652  66.32188       -90.73
 313.34045  66.35627      -182.56
 311.26297  66.36425      -254.19
 314.43373  66.53911      -137.09
 312.35082  66.55935      -239.48
 315.53800  66.71633      -103.20
 313.45036  66.74893      -200.39
 311.34119  66.75466      -271.34
 316.65312  66.88783       -89.22
 314.56154  66.93288      -155.44
 310.31172  66.94197      -253.18
 312.44643  66.95112      -261.25
 315.68423  67.11108      -119.28
 313.56395  67.14193      -223.35
 311.42202  67.14544      -295.62
 316.81833  67.28340      -100.11
 314.69368  67.32697      -176.69
 310.37728  67.33165      -279.30
 312.54528  67.34325      -287.32
 315.83550  67.50612      -136.04
 313.68143  67.53528      -248.17
 311.50561  67.53660      -323.77
 316.98927  67.67925      -109.63
 314.83040  67.72140      -197.68
 310.44509  67.72174      -309.60
 312.64754  67.73575      -314.27
 318.15481  67.84624       -99.27
 315.99206  67.90148      -150.78
 311.59209  67.92815      -352.26
 313.80302  67.92899      -271.55
 317.16627  68.07539      -115.83
 310.51527  68.11223      -340.59
 314.97197  68.11617      -215.54
 312.75340  68.12865      -338.73
 318.35283  68.24301       -95.13
 316.15425  68.29716      -161.27
 311.68165  68.32012      -377.77
 313.92895  68.32308      -290.53
 319.55151  68.40419       -87.08
 310.58795  68.50317      -369.04
 310.66330  68.89455      -392.27
 317.34970  68.47183      -117.34
 315.11866  68.51131      -227.89
 312.86308  68.52195      -357.75
 318.55811  68.64004       -86.62
 316.32237  68.69319      -165.93
 311.77446  68.71252      -397.47
 314.05949  68.71756      -302.71
 319.77924  68.80165       -68.54
 317.53993  68.86859      -113.46
 315.27077  68.90682      -233.05
 312.97679  68.91567      -369.04
 321.01278  68.95652       -61.43
 318.77109  69.03735       -73.90
 316.49680  69.08957      -163.85
 311.87072  69.10537      -409.23
 314.19489  69.11245      -306.46
 320.01560  69.19934       -47.59
 317.73737  69.26566      -104.04
 310.74147  69.28641      -408.35
 315.42865  69.30272      -230.07
 313.09480  69.30983      -371.12
 321.27312  69.35441       -33.74
 318.99223  69.43495       -57.52
 316.67791  69.48631      -154.77
 311.97063  69.49869      -411.78
 314.33548  69.50777      -300.93
 320.26111  69.59727       -25.26
 317.94246  69.66306       -89.45
 310.82262  69.67875      -416.13
 315.59264  69.69902      -218.73
 313.21735  69.70445      -363.36
 321.54364  69.75248        -7.01
 319.22205  69.83282       -38.26
 316.86612  69.88342      -139.00
 312.07442  69.89249      -404.68
 314.48156  69.90352      -286.10
 320.51635  69.99543        -2.55
 318.15570  70.06080       -70.40
 310.90695  70.07161      -415.28
 315.76313  70.09573      -199.49
 313.34473  70.09954      -345.94
 321.82498  70.15073        17.74
 319.46108  70.23099       -17.09
 309.71528  70.24154      -391.02
 317.06189  70.28091      -117.39
 312.18235  70.28679      -388.27
 314.63348  70.29973      -262.62
 320.78193  70.39383        19.52
 318.37760  70.45887       -47.97
 310.99466  70.46499      -406.13
 315.94054  70.49287      -173.39
 313.47727  70.49511      -319.74
 322.11783  70.54915        39.62
 319.70994  70.62945         4.86
 309.78206  70.63386      -397.37
 317.26570  70.67879       -91.20
 312.29467  70.68160      -363.52
 314.79163  70.69640      -231.77
 321.05854  70.79246        39.95
 318.60872  70.85729       -23.52
 311.08598  70.85891      -389.53
 316.12531  70.89045      -141.97
 313.61528  70.89119      -286.20
 322.42295  70.94774        57.88
 309.85160  71.02675      -397.32
 319.96926  71.02820        26.33
 312.41167  71.07696      -331.89
 317.47810  71.07707       -62.12
 314.95643  71.09355      -195.36
 321.34690  71.19133        57.74
 311.18113  71.25340      -366.70
 318.84970  71.25607         1.35
 313.75914  71.28779      -247.24
 316.31796  71.28847      -107.21
 309.92408  71.42022      -391.56
 320.23975  71.42725        45.97
 312.53369  71.47286      -295.21
 317.69965  71.47575       -32.10
 315.12831  71.49119      -155.55
 321.64781  71.59041        71.93
 311.28039  71.64847      -339.10
 319.10119  71.65519        24.88
 313.90926  71.68491      -205.07
 316.51901  71.68694       -71.37
 309.99971  71.81430      -380.89
 320.52219  71.82658        62.45
 312.66105  71.86934      -255.48
 317.93100  71.87484        -3.24
 315.30777  71.88933      -114.77
 308.69225  71.97005      -423.84
 321.96215  71.98971        81.79
 311.38403  72.04414      -308.28
 319.36394  72.05466        45.39
 314.06607  72.08259      -162.09
 316.72905  72.08588       -36.79
 310.07871  72.20901      -366.14
 320.81741  72.22619        74.71
 312.79414  72.26640      -214.83
 318.17283  72.27435        22.46
 315.49536  72.28799       -75.46
 308.74572  72.36363      -431.71
 311.49238  72.44043      -275.80
 319.63875  72.45449        61.54
 314.23004  72.48082      -120.61
 316.94874  72.48529        -5.65
 321.12634  72.62608        82.24
 312.93337  72.66406      -175.24
 318.42592  72.67427        43.44
 315.69165  72.68717       -39.81
 319.92651  72.85466        72.61
 317.17877  72.88518        20.37
 307.38588  72.50769      -506.07
 310.16132  72.60436      -348.07
 308.80166  72.75787      -433.46
 311.60577  72.83735      -243.11
 314.40171  72.87963       -82.71
 307.41425  72.90064      -530.99
 310.24780  73.00038      -327.36
 306.00012  73.03236      -636.02
 313.07921  73.06234      -138.44
 318.69110  73.07460        58.88
 315.89731  73.08689        -9.52
 308.86023  73.15280      -428.82
 311.72458  73.23493      -211.38
 320.22819  73.25517        78.77
 314.58166  73.27903       -49.90
 317.41994  73.28555        40.37
 307.44397  73.29428      -544.52
 310.33846  73.39708      -304.48
 306.00012  73.42452      -667.23
 313.23215  73.46125      -105.65
 318.96928  73.47535        68.85
 316.11304  73.48715        14.54
 308.92165  73.54843      -417.47
 311.84924  73.63319      -181.42
 314.77053  73.67902       -22.98
 317.67310  73.68641        54.41
 304.52487  73.68865      -811.08
 307.47514  73.68865      -545.54
 310.43361  73.79449      -279.71
 306.00012  73.81741      -679.31
 313.39274  73.86081       -77.50
 319.26149  73.87651        74.37
 316.33963  73.88796        32.40
 308.98613  73.94480      -399.11
 311.98020  74.03213      -153.59
 314.96902  74.07963        -1.93
 304.49213  74.08377      -821.04
 307.50787  74.08377      -533.26
 317.93920  74.08774        63.44
 310.53362  74.19262      -253.13
 306.00013  74.21105      -671.11
 313.56161  74.26103       -53.93
 316.57795  74.28932        44.94
 309.05393  74.34192      -373.61
 312.11797  74.43178      -127.83
 304.45770  74.47965      -802.72
 307.54230  74.47965      -507.39
 315.17791  74.48085        14.06
 318.21929  74.48957        69.11
 310.63886  74.59150      -224.72
 306.00013  74.60546      -642.45
 313.73943  74.66193       -34.30
 316.82898  74.69124        53.70
 309.12531  74.73981      -341.10
 312.26312  74.83216      -103.74
 307.57856  74.87632      -468.48
 304.42144  74.87632      -757.00
 315.39808  74.88270        26.32
 310.74980  74.99115      -194.48
 306.00013  75.00067      -594.48
 313.92696  75.06352       -17.59
 317.09379  75.09373        60.46
 302.79943  75.13849      -832.95
 309.20058  75.13849      -302.20
 312.41628  75.23329       -80.78
 304.38320  75.27380      -686.82
 307.61681  75.27380      -418.00
 315.63049  75.28519        36.40
 310.86692  75.39158      -162.60
 306.00014  75.39670      -529.84
 314.12505  75.46581        -2.65
 302.71993  75.53800      -736.40
 309.28007  75.53800      -258.12
 312.57815  75.63517       -58.47
 307.65722  75.67213      -358.50
 304.34279  75.67213      -597.19
 315.87623  75.68832        45.70
 310.99076  75.79282      -129.55
 301.00924  75.79282      -736.55
 306.00014  75.79358      -452.68
 314.33464  75.86882        11.51
 302.63583  75.93835      -620.94
 309.36417  75.93835      -210.65
 312.74953  76.03783       -36.52
 307.69998  76.07132      -293.45
 304.30002  76.07132      -494.98
 292.49503  76.10157      -652.54
 306.00014  76.19133      -368.35
 311.12195  76.19489       -96.15
 300.87805  76.19489      -599.98
 314.55679  76.27255        25.58
 309.45330  76.33956      -162.09
 302.54670  76.33956      -496.36
 312.93130  76.44128       -14.92
 299.06870  76.44128      -544.56
 307.74533  76.47139      -226.91
 304.25468  76.47139      -388.23
 295.58732  76.49651      -537.20
 292.12454  76.50568      -516.40
 306.00015  76.58997      -282.89
 311.26118  76.59780       -63.45
 300.73882  76.59780      -461.07
 297.20731  76.67701      -472.23
 293.68296  76.70922      -459.86
 309.54794  76.74165      -114.91
 302.45206  76.74165      -373.05
 313.12447  76.84553         6.09
 298.87553  76.84553      -403.09
 304.20651  76.87238      -285.21
 307.79349  76.87238      -163.08
 295.29371  76.90157      -400.87
 291.73064  76.91020      -391.11
 306.00015  76.98953      -202.27
 300.59077  77.00158      -331.74
 311.40924  77.00158       -32.59
 296.95629  77.08220      -340.48
 289.73128  77.09896      -330.49
 309.64864  77.14466       -71.50
 302.35137  77.14466      -260.90
 298.66983  77.25060      -280.28
 304.15524  77.27430      -193.45
 307.84476  77.27430      -105.76
 294.98091  77.30726      -288.16
 306.00015  77.39003      -131.73
 300.43300  77.40624      -222.16
 296.68863  77.48813      -235.17
 302.24400  77.54860      -167.94
 298.45031  77.65650      -185.05
 304.10055  77.67719      -118.86
 294.64694  77.71359      -206.20
 300.26450  77.81180      -139.52
 296.40258  77.89481      -162.62
 292.54503  77.92636      -190.97
 294.28956  78.12053      -157.26
 315.48209  60.73857       -50.29
 316.37599  60.88673       -62.38
 313.89717  61.21385      -210.52
 317.70520  62.21699      -277.76
 316.90652  62.46561      -275.98
 317.04819  62.86050      -273.73
 318.33556  63.79944      -271.20
 319.33438  63.94335      -330.51
 318.50461  64.19528      -251.85
 309.95943  64.61124      -321.49
 319.90422  65.13265      -293.27
 308.09954  66.13254        26.59
 322.75169  66.59832      -381.82
 326.79796  67.75834      -393.36
 328.35185  68.26221      -360.99
 309.41730  68.28775      -263.87
 329.56892  68.36306      -362.32
 330.79270  68.45681      -354.17
 332.47288  68.93470      -311.29
 307.21813  69.77489      -117.55
 307.26125  70.55272      -254.57
 337.79050  71.00804      -467.08
 332.74310  71.11141      -135.64
 308.59204  71.18482      -390.47
 334.15287  71.19417      -193.38
 307.30796  71.33284      -375.60
 331.84099  71.41226       -91.43
 308.64108  71.57713      -410.04
 334.71486  71.58239      -208.57
 330.90651  71.70739       -53.46
 333.82779  71.89132      -154.75
 335.30135  71.96968      -227.57
 331.41749  72.10021       -60.31
 307.35876  72.11543      -471.02
 306.00012  72.64090      -587.50
 332.51076  72.88397       -86.87
 333.71063  73.66467      -104.99
 335.35185  73.74974      -141.43
 334.35546  74.05361      -103.09
 336.76184  74.52045       -91.86
 338.50064  74.58824       -57.75
 297.44322  76.27255      -619.94
 294.01641  76.30453      -597.22
 294.16354  80.34989      -292.49
 296.36937  80.52143      -299.87
 333.02599  80.62027      -378.88
 298.66042  80.67721      -303.22
 345.03845  80.82981      -181.15
 338.96155  80.82981      -454.23
 343.58581  81.20533      -257.21
 345.29328  81.49979       -87.72
 330.28066  81.53088      -429.12
 303.24758  81.76491      -502.46
 308.75243  81.76491      -448.54
 306.00023  81.86597      -509.26
 317.52875  82.17625      -503.11
 328.01804  82.81098      -676.44
 321.66551  82.82449      -703.34
 322.58420  83.23728      -807.79
