 314.79269  76.67701         9.79
 315.04371  77.08220        15.23
 313.33017  77.25060        -6.81
 311.56701  77.40624       -22.95
 315.31138  77.48813        16.82
 309.75601  77.54860       -29.55
 313.54970  77.65650        -1.86
 307.89946  77.67719       -25.79
 306.00016  77.79151       -14.93
 311.73551  77.81180       -10.90
 315.59743  77.89481        16.20
 302.12926  77.95350        -6.11
 309.87075  77.95350        -7.52
 298.21548  78.06323       -64.58
 313.78452  78.06323        -0.82
 304.04206  78.08106        20.85
 307.95794  78.08106         6.99
 290.38370  78.12582      -339.38
 306.00016  78.19398        26.57
 311.91589  78.21828        -5.46
 300.08411  78.21828         0.71
 315.90388  78.30222        15.00
 296.09613  78.30222      -114.35
 288.16434  78.31137      -360.94
 292.11158  78.33300      -272.43
 309.99367  78.35937         4.18
 302.00633  78.35937        41.37
 297.96367  78.47081       -34.11
 314.03634  78.47081        -2.05
 308.02063  78.48595        24.97
 303.97937  78.48595        56.00
 293.90618  78.52807      -192.44
 306.00017  78.59749        48.61
 299.89051  78.62569        26.43
 312.10950  78.62569        -5.29
 295.76700  78.71036      -108.85
 316.23301  78.71036        13.98
 301.87430  78.76624        60.55
 310.12571  78.76624         6.58
 314.30708  78.87925        -4.86
 297.69292  78.87925       -33.08
 303.91200  78.89189        67.36
 308.08801  78.89189        29.00
 306.00017  79.00205        52.18
 299.68214  79.03405        23.90
 312.31787  79.03405        -9.83
 295.41252  79.11923      -125.91
 316.58749  79.11923        12.17
 310.26792  79.17414         0.18
 301.73208  79.17414        54.19
 297.40098  79.28853       -55.12
 314.59903  79.28853       -10.33
 303.83937  79.29889        57.03
 308.16063  79.29889        19.79
 318.95101  79.34480        38.29
 306.00018  79.40769        38.53
 312.54278  79.44338       -20.10
 299.45723  79.44338        -1.97
 316.97039  79.52878         6.10
 301.57843  79.58309        25.93
 310.42157  79.58309       -15.90
 335.26456  79.68138      -336.91
 314.91479  79.69866       -21.87
 297.08522  79.69866       -93.31
 308.23915  79.70699        -2.94
 303.76086  79.70699        27.17
 319.43226  79.75391        26.62
 306.00019  79.81444         8.32
 330.97064  79.83173      -175.35
 312.78633  79.85367       -39.00
 299.21368  79.85367       -45.29
 326.52905  79.92655       -17.99
 317.38531  79.93902        -9.84
 333.65890  79.95893      -297.90
 321.98389  79.96297        29.97
 301.41189  79.99310       -20.78
 310.58812  79.99310       -43.81
 329.20808  80.08601      -121.36
 315.25745  80.10963       -44.75
 303.67568  80.11621       -20.73
 308.32432  80.11621       -40.76
 324.62327  80.15505        -4.21
 319.95464  80.16345        -0.81
 306.00019  80.22234       -38.77
 331.95563  80.22692      -248.25
 313.05096  80.26495       -71.12
 327.34699  80.32920       -84.99
 317.83647  80.34989       -42.39
 322.62180  80.37094       -16.65
 310.76928  80.40419       -86.78
 301.23072  80.40419       -82.26
 330.15009  80.48456      -202.72
 315.63063  80.52143       -85.11
 303.58295  80.52659       -85.06
 308.41706  80.52659       -95.17
 325.38431  80.56046       -73.86
 320.52366  80.57334       -50.72
 306.00020  80.63141      -103.80
 313.33958  80.67721      -121.50
 328.23798  80.73100      -173.70
 318.32886  80.76134       -97.88
 323.31773  80.77886       -89.54
 310.96711  80.81639      -148.48
 301.03289  80.81639      -156.25
 331.17677  80.88162      -296.87
 316.03865  80.93403      -148.44
 303.48158  80.93814      -164.32
 308.51842  80.93814      -167.95
 326.21555  80.96534      -168.88
 321.14584  80.98348      -127.86
 306.00021  81.04168      -185.50
 298.34436  81.09046      -239.73
 313.65565  81.09046      -194.42
 329.21196  81.13167      -280.54
 318.86843  81.17333      -180.63
 324.07985  81.18660      -190.10
 300.81596  81.22971      -240.75
 311.18404  81.22971      -231.63
 316.48665  81.34740      -238.21
 327.12695  81.36947      -286.12
 321.82896  81.39376      -233.66
 314.00330  81.50468      -292.15
 319.46228  81.58575      -291.80
 324.91796  81.59395      -315.60
 316.98083  81.76149      -355.02
 322.58235  81.80402      -365.71
 320.11902  81.99852      -429.19
 322.63501  72.78890        96.91
 321.44999  73.02624        78.11
 322.99571  73.18875        98.74
 324.56289  73.34196       109.29
 321.78947  73.42664        81.69
 326.15062  73.48565       109.07
 323.37423  73.58875        97.34
 320.54484  73.65602        63.43
 324.98161  73.74124       104.92
 322.14600  73.82728        82.32
 326.61060  73.88388       101.75
 323.77195  73.98886        95.12
 320.87766  74.05718        66.47
 325.42177  74.14050       100.49
 322.52093  74.22812        82.47
 319.56883  74.27808        50.90
 327.09431  74.28195        95.43
 324.19042  74.38905        94.00
 321.22794  74.45865        69.20
 325.88507  74.53969        97.15
 322.91576  74.62916        84.01
 327.60363  74.67977        89.58
 319.89256  74.68004        56.37
 324.63130  74.78929        93.78
 329.34467  74.80904        68.14
 321.59713  74.86040        73.31
 318.51453  74.89187        43.08
 326.37340  74.93877        94.49
 323.33214  75.03034        87.41
 328.14067  75.07730        82.25
 320.23406  75.08237        62.79
 325.09649  75.18953        94.45
 329.93148  75.20461        54.62
 336.49787  75.21323       -98.26
 321.98684  75.26241        79.30
 318.82623  75.29464        51.56
 331.74402  75.32045        13.75
 326.88888  75.33766        90.37
 333.57623  75.42457       -32.50
 323.77192  75.43164        91.22
 328.70773  75.47444        70.65
 320.59486  75.48507        70.48
 317.37357  75.49677        37.00
 335.42588  75.51677       -71.38
 325.58806  75.58971        93.96
 337.29050  75.59684       -87.85
 330.55126  75.59957        34.95
 322.39886  75.66465        86.04
 319.15584  75.69788        60.22
 332.41742  75.71280       -10.77
 327.43381  75.73630        81.94
 334.30391  75.81386       -54.32
 324.23714  75.83300        94.21
 329.30741  75.87110        52.02
 320.97668  75.88811        78.75
 317.66967  75.90038        46.39
 336.20824  75.90255       -79.55
 326.10835  75.98977        89.61
 331.20683  75.99380         7.30
 322.83517  76.06708        91.62
 316.13650  76.09209        26.63
 319.50498  76.10157        68.44
 333.12978  76.10413       -41.72
 328.01081  76.13460        66.53
 335.07371  76.20184       -78.69
 324.73010  76.23437        94.05
 329.94256  76.26717        24.57
 337.03580  76.28668       -85.20
 321.38144  76.29147        85.75
 317.98360  76.30453        53.98
 331.90132  76.38717       -28.75
 326.65993  76.38963        79.03
 323.29804  76.46965        94.73
 333.88450  76.49430       -78.20
 316.41268  76.49651        34.31
 319.87547  76.50568        75.39
 328.62276  76.53246        42.54
 335.88924  76.58830      -104.04
 325.25338  76.63569        88.81
 330.61638  76.66254       -11.96
 321.81131  76.69509        90.40
 318.31705  76.70922        59.35
 332.63820  76.77952       -72.00
 327.24571  76.78920        60.92
 323.78996  76.87231        94.02
 334.68533  76.88311      -118.05
 316.70630  76.90157        38.58
 320.26936  76.91020        79.78
 329.27290  76.92978         9.87
 336.75450  76.97304      -128.23
 325.80984  77.03689        77.55
 331.33243  77.05705       -56.23
 322.26872  77.09896        92.36
 318.67193  77.11444        62.60
 333.42137  77.17068      -119.99
 327.86896  77.18839        35.27
 335.53643  77.27036      -158.44
 324.31378  77.27500        88.99
 317.01910  77.30726        40.08
 320.68899  77.31509        82.22
 329.96488  77.32641       -30.24
 337.67393  77.35580      -148.95
 326.40275  77.43786        60.35
 332.09472  77.45055      -105.84
 322.75643  77.50300        91.68
 319.05041  77.52016        63.85
 334.25516  77.56045      -169.71
 328.53334  77.58708         3.07
 336.44245  77.65580      -196.45
 324.87272  77.67765        79.83
 317.35306  77.71359        40.09
 321.13697  77.72031        83.45
 330.70275  77.72221       -75.79
 327.03578  77.83852        37.84
 332.90771  77.84284      -158.11
 323.27755  77.90716        88.66
 319.45497  77.92636        64.88
 335.14440  77.94860      -218.23
 329.24299  77.98512       -34.40
 337.40856  78.03916      -229.34
 325.47040  78.08015        66.73
 331.49114  78.11699      -124.91
 317.71044  78.12053        39.85
 321.61631  78.12582        83.95
 333.77644  78.23370      -210.73
 327.71309  78.23872        10.37
 323.83566  78.31137        83.12
 319.88842  78.33300        66.36
 336.09454  78.33486      -263.00
 330.00260  78.38236       -76.42
 338.44055  78.42013      -254.21
 326.11097  78.48241        49.13
 332.33522  78.51056      -176.41
 318.09383  78.52807        40.50
 322.13043  78.53156        83.21
 334.70658  78.62289      -261.91
 328.43943  78.63833       -22.66
 324.43483  78.71554        73.59
 337.11166  78.71893      -301.34
 320.35400  78.74005        67.50
 330.81750  78.77860      -123.25
 326.79917  78.88429        25.02
 333.24089  78.90268      -229.71
 318.50620  78.93617        41.07
 322.68328  78.93744        78.96
 335.70451  79.01010      -309.75
 329.22019  79.03718       -63.11
 338.20259  79.10045      -329.48
 325.07971  79.11954        56.80
 320.85544  79.14744        65.46
 331.69374  79.17362      -175.79
 327.54042  79.28564        -8.99
 334.21480  79.29306      -284.00
 323.27939  79.34340        66.92
 336.77747  79.39500      -351.04
 330.06156  79.43506      -113.42
 339.37503  79.47901      -341.48
 325.77571  79.52327        27.99
 321.39706  79.55511        55.14
 332.63824  79.56717      -234.51
 328.34099  79.68629       -56.82
 323.92401  79.74931        41.22
 325.30684  67.24633      -276.88
 324.44580  67.52113      -223.50
 325.61790  67.64303      -232.89
 324.74629  67.91816      -178.88
 325.94004  68.03965      -191.54
 327.14205  68.15437      -208.19
 323.85042  68.18731      -130.56
 325.05764  68.31516      -136.63
 326.27390  68.43617      -151.94
 324.15022  68.58463       -90.65
 328.73163  68.65721      -189.80
 325.38048  68.71211       -96.63
 329.97202  68.75703      -200.23
 326.62016  68.83257      -113.48
 323.21729  68.84783       -61.37
 331.21932  68.84956      -206.11
 327.86873  68.94589      -134.97
 324.46125  68.98197       -52.88
 333.73202  69.01237      -260.98
 329.12564  69.05194      -153.72
 322.25839  69.10451       -51.69
 325.71551  69.10901       -58.80
 330.39029  69.15062      -166.83
 326.97956  69.22884       -75.97
 331.66203  69.24182      -179.80
 323.51568  69.24548       -27.26
 332.94016  69.32544      -208.58
 328.25283  69.34133       -97.20
 324.78420  69.37930       -17.50
 334.22396  69.40137      -277.46
 329.53474  69.44635      -116.12
 322.54329  69.50241       -21.47
 326.06345  69.50583       -23.24
 330.82462  69.54380      -132.79
 327.35288  69.62495       -39.84
 332.12178  69.63356      -155.35
 323.82567  69.64319         5.15
 333.42546  69.71553      -204.39
 328.65189  69.73652       -60.11
 325.11979  69.77662        15.21
 334.73488  69.78961      -302.34
 329.95983  69.84041       -79.70
 336.04920  69.85571      -467.06
 322.83942  69.90042         8.45
 326.42509  69.90256         9.60
 331.27598  69.93652      -101.30
 327.74100  70.02087        -6.18
 324.14799  70.04095        35.32
 329.06683  70.13142       -25.91
 325.46881  70.17392        44.69
 335.26589  70.17702      -337.72
 330.40190  70.23408       -47.80
 323.14750  70.29855        37.19
 326.80131  70.29918        38.83
 328.14482  70.41659        23.30
 324.48341  70.43875        62.50
 329.49865  70.52601         2.64
 325.83212  70.57116        70.10
 327.19301  70.69565        63.15
 323.46829  70.69678        63.63
 328.56536  70.81205        46.60
 324.83278  70.83657        85.67
 329.94840  70.92023        22.67
 326.21065  70.96834        90.36
 331.34128  71.02006       -12.05
 327.60122  71.09194        81.16
 323.80264  71.09510        86.36
 329.00371  71.20722        61.82
 325.19702  71.23438       103.70
 330.41727  71.31405        32.10
 322.74116  71.34648        75.05
 326.60540  71.36541       104.39
 328.02702  71.48802        91.72
 324.15146  71.49349       104.00
 329.46103  71.60207        67.32
 325.57715  71.63217       115.62
 323.07335  71.74537        93.67
 327.01747  71.76235       111.54
 328.47160  71.88385        94.02
 324.51573  71.89193       115.54
 329.93861  71.99653        63.64
 325.97424  72.02991       121.04
 323.42050  72.14438       106.02
 327.44805  72.15912       111.91
 332.90714  72.19476       -47.91
 328.93625  72.27939        88.57
 324.89654  72.29040       120.71
 322.29087  72.38921        89.69
 330.43784  72.39054        52.21
 326.38949  72.42756       120.43
 331.95170  72.49243        -0.75
 323.78368  72.54350       111.94
 327.89844  72.55567       105.73
 329.42239  72.67456        77.52
 325.29508  72.68886       120.25
 330.96023  72.78405        35.39
 326.82420  72.82509       115.05
 324.16405  72.94271       112.40
 328.37005  72.95197        95.44
 329.93154  73.06933        63.08
 325.71263  73.08729       115.81
 331.50744  73.17698        15.96
 327.27979  73.22244       105.99
 328.86445  73.34795        83.35
 330.46540  73.46361        47.43
 327.75783  73.61958        96.25
 329.38334  73.74354        71.05
 331.02579  73.85732        32.01
 332.68371  73.96074       -21.42
 328.26004  74.01644        87.00
 329.92858  74.13867        59.09
 331.61474  74.25039        17.21
 333.31689  74.35137       -36.90
 328.78829  74.41295        78.12
 335.03324  74.44145       -97.89
 330.50222  74.53327        46.78
 332.23447  74.64269         2.38
 333.98321  74.74101       -50.10
 335.74645  74.82804      -101.58
 337.52207  74.90361      -140.04
 331.10654  74.92723        32.37
 332.88740  75.03413       -13.78
 334.68525  75.12953       -61.49
 315.96282  62.31418      -342.30
 315.14048  62.55148      -286.23
 316.09111  62.70828      -313.51
 315.25881  62.94481      -255.71
 316.22294  63.10249      -272.60
 317.19380  63.25548      -317.03
 315.38044  63.33827      -215.85
 316.35848  63.49682      -225.43
 317.34355  63.65057      -265.57
 316.49791  63.89129      -177.87
 317.49764  64.04578      -216.52
 316.64142  64.28591      -135.13
 317.65628  64.44113      -174.56
 315.76673  64.51962       -93.62
 318.67871  64.59123      -246.23
 316.78921  64.68069      -101.16
 317.81970  64.83662      -142.73
 315.90323  64.91376       -66.76
 318.85809  64.98730      -213.53
 316.94149  65.07565       -78.33
 317.98814  65.23226      -122.17
 316.04392  65.30811       -51.24
 319.04304  65.38350      -190.89
 317.09850  65.47079       -67.30
 318.16186  65.62807      -112.24
 321.17687  65.66950      -345.02
 316.18901  65.70268       -47.45
 319.23384  65.77985      -176.68
 317.26048  65.86614       -67.12
 320.31425  65.92602      -246.55
 318.34114  66.02406      -110.94
 321.40288  66.06650      -308.05
 316.33874  66.09748       -54.38
 319.43079  66.17634      -168.28
 317.42770  66.26169       -75.66
 320.52926  66.32288      -226.04
 323.60385  66.32994      -374.16
 318.52626  66.42023      -115.40
 324.71564  66.45271      -377.31
 321.63631  66.46358      -273.39
 316.49336  66.49253       -69.89
 319.63423  66.57299      -162.72
 317.60042  66.65747       -89.99
 320.75142  66.71986      -206.42
 323.87511  66.72702      -320.69
 318.71754  66.81660      -122.51
 325.00627  66.84955      -324.59
 321.87756  66.86074      -239.22
 319.84451  66.96981      -157.28
 323.01239  66.99552      -259.62
 317.77897  67.05348      -106.97
 320.98111  67.11697      -185.76
 324.15560  67.12408      -270.68
 318.91533  67.21317      -129.42
 322.12706  67.25799      -204.48
 320.06201  67.36679      -149.88
 323.28207  67.39275      -215.41
 317.96364  67.44974      -123.61
 321.21875  67.51422      -162.98
 319.11999  67.60996      -133.82
 322.38526  67.65533      -168.89
 320.28713  67.76395      -139.24
 323.56123  67.79002      -172.28
 321.46480  67.91159      -137.80
 319.33191  68.00696      -134.13
 322.65268  68.05275      -132.77
 320.52032  68.16129      -124.83
 321.71973  68.30910      -110.47
 322.92983  68.45025       -96.72
 320.76203  68.55881      -106.61
 321.98408  68.70674       -81.57
 312.99628  61.05139      -117.77
 315.59769  61.13238      -310.99
 316.50352  61.28138      -403.80
 314.80384  61.37215      -276.23
 313.08158  61.44229      -178.56
 315.71626  61.52624      -344.04
 313.99434  61.60585      -246.88
 312.25049  61.66436      -147.62
 316.63435  61.67606      -426.62
 314.91313  61.76517      -299.92
 317.55806  61.82154      -537.65
 313.16909  61.83330      -219.56
 315.83792  61.92017      -353.77
 314.09404  61.99796      -267.02
 312.32804  62.05430      -191.79
 316.76863  62.07080      -425.31
 315.02530  62.15827      -302.34
 313.25889  62.22442      -241.04
 311.47116  62.26865      -160.68
 314.19639  62.39017      -267.82
 312.40764  62.44437      -217.46
 313.35110  62.61568      -244.72
 314.30151  62.78251      -252.24
 311.54025  62.65760      -190.44
 312.48938  62.83459      -226.32
 310.65674  62.86393      -151.30
 313.44583  63.00708      -233.51
 311.61121  63.04672      -203.82
 314.40953  63.17500      -224.32
 312.57337  63.22499      -221.14
 310.71660  63.25186      -165.29
 313.54318  63.39866      -211.23
 311.68414  63.43603      -203.49
 314.52059  63.56765      -188.85
 312.65972  63.61557      -205.47
 310.77814  63.64001      -165.62
 315.50552  63.73189      -172.14
 313.64330  63.79041      -182.27
 311.75913  63.82555      -192.87
 314.63483  63.96047      -150.80
 312.74853  64.00636      -183.39
 310.84143  64.02837      -155.72
 315.63423  64.12566      -129.88
 313.74631  64.18236      -151.15
 311.83627  64.21529      -175.81
 314.75240  64.35348      -114.93
 312.83993  64.39737      -159.06
 310.90654  64.41698      -139.46
 313.85235  64.57453      -122.18
 311.91567  64.60527      -156.32
 314.87348  64.74669       -85.29
 312.93403  64.78861      -136.48
 310.97358  64.80585      -120.82
 313.96158  64.96693       -99.03
 311.99745  64.99550      -138.20
 314.99824  65.14013       -64.87
 313.03099  65.18011      -119.06
 311.04264  65.19499      -103.58
 314.07415  65.35957       -84.40
 312.08172  65.38601      -124.75
 310.06969  65.38687        -6.16
 315.12686  65.53379       -55.34
 313.13094  65.57187      -109.36
 311.11381  65.58443       -90.96
 314.19024  65.75247       -79.87
 310.12737  65.77513        10.21
 312.16861  65.77681      -118.43
 315.25955  65.92771       -57.01
 309.12255  65.95791       205.89
 313.23404  65.96392      -108.88
 311.18722  65.97417       -85.39
 314.31004  66.14564       -85.75
 312.25826  66.16792      -120.68
 315.39652  66.32188       -68.93
 313.34045  66.35627      -117.95
 311.26297  66.36425       -88.29
 314.43373  66.53911      -101.14
 312.35082  66.55935      -131.82
 315.53800  66.71633       -89.06
 313.45036  66.74893      -135.72
 311.34119  66.75466       -99.96
 316.65312  66.88783       -91.15
 314.56154  66.93288      -124.13
 310.31172  66.94197         8.18
 312.44643  66.95112      -151.05
 315.68423  67.11108      -114.66
 313.56395  67.14193      -160.38
 311.42202  67.14544      -119.65
 316.81833  67.28340      -115.00
 314.69368  67.32697      -152.06
 310.37728  67.33165       -10.88
 312.54528  67.34325      -176.60
 315.83550  67.50612      -142.60
 313.68143  67.53528      -189.33
 311.50561  67.53660      -145.68
 316.98927  67.67925      -138.35
 314.83040  67.72140      -181.84
 310.44509  67.72174       -37.36
 312.64754  67.73575      -205.97
 318.15481  67.84624      -137.36
 315.99206  67.90148      -169.68
 311.59209  67.92815      -175.66
 313.80302  67.92899      -219.52
 317.16627  68.07539      -158.39
 310.51527  68.11223       -69.14
 314.97197  68.11617      -210.24
 312.75340  68.12865      -236.20
 318.35283  68.24301      -146.24
 316.15425  68.29716      -192.95
 311.68165  68.32012      -206.83
 313.92895  68.32308      -247.78
 319.55151  68.40419      -129.38
 310.58795  68.50317      -103.70
 310.66330  68.89455      -138.50
 317.34970  68.47183      -172.82
 315.11866  68.51131      -234.21
 312.86308  68.52195      -264.24
 318.55811  68.64004      -148.87
 316.32237  68.69319      -209.84
 311.77446  68.71252      -236.37
 314.05949  68.71756      -271.09
 319.77924  68.80165      -119.14
 317.53993  68.86859      -179.89
 315.27077  68.90682      -251.13
 312.97679  68.91567      -287.28
 321.01278  68.95652       -84.89
 318.77109  69.03735      -144.41
 316.49680  69.08957      -218.41
 311.87072  69.10537      -261.67
 314.19489  69.11245      -286.94
 320.01560  69.19934      -103.40
 317.73737  69.26566      -178.46
 310.74147  69.28641      -171.19
 315.42865  69.30272      -259.01
 313.09480  69.30983      -302.96
 321.27312  69.35441       -60.15
 318.99223  69.43495      -132.56
 316.67791  69.48631      -217.41
 311.97063  69.49869      -280.67
 314.33548  69.50777      -293.48
 320.26111  69.59727       -82.48
 317.94246  69.66306      -168.12
 310.82262  69.67875      -199.85
 315.59264  69.69902      -256.71
 313.21735  69.70445      -309.69
 321.54364  69.75248       -33.06
 319.22205  69.83282      -113.62
 316.86612  69.88342      -206.47
 312.07442  69.89249      -291.97
 314.48156  69.90352      -289.74
 320.51635  69.99543       -57.17
 318.15570  70.06080      -149.23
 310.90695  70.07161      -223.15
 315.76313  70.09573      -243.99
 313.34473  70.09954      -306.76
 321.82498  70.15073        -4.52
 319.46108  70.23099       -88.55
 309.71528  70.24154       -88.51
 317.06189  70.28091      -186.12
 312.18235  70.28679      -294.98
 314.63348  70.29973      -275.76
 320.78193  70.39383       -28.72
 318.37760  70.45887      -123.01
 310.99466  70.46499      -240.38
 315.94054  70.49287      -221.68
 313.47727  70.49511      -294.36
 322.11783  70.54915        24.15
 319.70994  70.62945       -59.00
 309.78206  70.63386      -131.00
 317.26570  70.67879      -157.90
 312.29467  70.68160      -289.93
 314.79163  70.69640      -252.56
 321.05854  70.79246         1.07
 318.60872  70.85729       -91.54
 311.08598  70.85891      -251.48
 316.12531  70.89045      -191.54
 313.61528  70.89119      -273.64
 322.42295  70.94774        51.30
 309.85160  71.02675      -169.61
 319.96926  71.02820       -27.30
 312.41167  71.07696      -277.79
 317.47810  71.07707      -124.22
 314.95643  71.09355      -222.08
 321.34690  71.19133        29.96
 311.18113  71.25340      -256.87
 318.84970  71.25607       -57.56
 313.75914  71.28779      -246.44
 316.31796  71.28847      -156.20
 309.92408  71.42022      -203.80
 320.23975  71.42725         3.82
 312.53369  71.47286      -260.04
 317.69965  71.47575       -88.10
 315.12831  71.49119      -186.92
 321.64781  71.59041        55.58
 311.28039  71.64847      -257.31
 319.10119  71.65519       -24.17
 313.90926  71.68491      -215.13
 316.51901  71.68694      -118.76
 309.99971  71.81430      -233.19
 320.52219  71.82658        31.61
 312.66105  71.86934      -238.47
 317.93100  71.87484       -52.79
 315.30777  71.88933      -150.01
 308.69225  71.97005      -184.76
 321.96215  71.98971        75.90
 311.38403  72.04414      -253.67
 319.36394  72.05466         5.69
 314.06607  72.08259      -182.17
 316.72905  72.08588       -82.35
 310.07871  72.20901      -257.35
 320.81741  72.22619        53.84
 312.79414  72.26640      -214.83
 318.17283  72.27435       -21.19
 315.49536  72.28799      -114.16
 308.74572  72.36363      -246.99
 311.49238  72.44043      -246.67
 319.63875  72.45449        29.77
 314.23004  72.48082      -149.83
 316.94874  72.48529       -49.66
 321.12634  72.62608        69.30
 312.93337  72.66406      -190.59
 318.42592  72.67427         4.60
 315.69165  72.68717       -81.64
 319.92651  72.85466        47.01
 317.17877  72.88518       -22.47
 307.38588  72.50769      -221.72
 310.16132  72.60436      -275.68
 308.80166  72.75787      -299.50
 311.60577  72.83735      -236.75
 314.40171  72.87963      -119.78
 307.41425  72.90064      -315.74
 310.24780  73.00038      -287.39
 306.00012  73.03236      -322.40
 313.07921  73.06234      -166.67
 318.69110  73.07460        23.73
 315.89731  73.08689       -53.82
 308.86023  73.15280      -340.05
 311.72458  73.23493      -223.96
 320.22819  73.25517        57.71
 314.58166  73.27903       -92.92
 317.41994  73.28555        -1.39
 307.44397  73.29428      -390.86
 310.33846  73.39708      -291.47
 306.00012  73.42452      -434.88
 313.23215  73.46125      -143.45
 318.96928  73.47535        36.68
 316.11304  73.48715       -31.06
 308.92165  73.54843      -366.52
 311.84924  73.63319      -208.04
 314.77053  73.67902       -69.39
 317.67310  73.68641        14.16
 304.52487  73.68865      -521.74
 307.47514  73.68865      -443.78
 310.43361  73.79449      -286.98
 306.00012  73.81741      -515.85
 313.39274  73.86081      -120.83
 319.26149  73.87651        45.02
 316.33963  73.88796       -12.80
 308.98613  73.94480      -377.23
 311.98020  74.03213      -188.66
 314.96902  74.07963       -48.72
 304.49213  74.08377      -615.19
 307.50787  74.08377      -472.15
 317.93920  74.08774        25.60
 310.53362  74.19262      -273.32
 306.00013  74.21105      -562.38
 313.56161  74.26103       -98.50
 316.57795  74.28932         2.09
 309.05393  74.34192      -371.31
 312.11797  74.43178      -165.67
 304.45770  74.47965      -661.98
 307.54230  74.47965      -474.97
 315.17791  74.48085       -30.20
 318.21929  74.48957        34.72
 310.63886  74.59150      -250.57
 306.00013  74.60546      -573.59
 313.73943  74.66193       -76.28
 316.82898  74.69124        14.86
 309.12531  74.73981      -349.16
 312.26312  74.83216      -139.49
 307.57856  74.87632      -453.08
 304.42144  74.87632      -662.81
 315.39808  74.88270       -13.29
 310.74980  74.99115      -219.79
 306.00013  75.00067      -551.06
 313.92696  75.06352       -54.38
 317.09379  75.09373        26.39
 302.79943  75.13849      -719.98
 309.20058  75.13849      -312.67
 312.41628  75.23329      -111.23
 304.38320  75.27380      -621.79
 307.61681  75.27380      -409.44
 315.63049  75.28519         2.14
 310.86692  75.39158      -183.16
 306.00014  75.39670      -499.06
 314.12505  75.46581       -33.60
 302.71993  75.53800      -654.86
 309.28007  75.53800      -265.24
 312.57815  75.63517       -82.72
 307.65722  75.67213      -348.99
 304.34279  75.67213      -546.40
 315.87623  75.68832        15.69
 310.99076  75.79282      -143.73
 301.00924  75.79282      -647.63
 306.00014  75.79358      -424.36
 314.33464  75.86882       -15.16
 302.63583  75.93835      -554.50
 309.36417  75.93835      -211.49
 312.74953  76.03783       -56.20
 307.69998  76.07132      -278.20
 304.30002  76.07132      -446.91
 292.49503  76.10157      -689.91
 306.00014  76.19133      -335.58
 311.12195  76.19489      -105.07
 300.87805  76.19489      -526.82
 314.55679  76.27255        -0.38
 309.45330  76.33956      -156.63
 302.54670  76.33956      -432.89
 312.93130  76.44128       -33.86
 299.06870  76.44128      -478.93
 307.74533  76.47139      -204.27
 304.25468  76.47139      -335.21
 295.58732  76.49651      -521.04
 292.12454  76.50568      -596.01
 306.00015  76.58997      -242.15
 311.26118  76.59780       -70.58
 300.73882  76.59780      -392.10
 297.20731  76.67701      -432.86
 293.68296  76.70922      -503.13
 309.54794  76.74165      -105.64
 302.45206  76.74165      -304.90
 313.12447  76.84553       -17.24
 298.87553  76.84553      -344.63
 304.20651  76.87238      -223.33
 307.79349  76.87238      -134.12
 295.29371  76.90157      -407.63
 291.73064  76.91020      -500.69
 306.00015  76.98953      -153.03
 300.59077  77.00158      -260.17
 311.40924  77.00158       -42.79
 296.95629  77.08220      -312.95
 289.73128  77.09896      -497.29
 309.64864  77.14466       -62.49
 302.35137  77.14466      -184.37
 298.66983  77.25060      -223.63
 304.15524  77.27430      -121.93
 307.84476  77.27430       -73.38
 294.98091  77.30726      -311.74
 306.00015  77.39003       -75.61
 300.43300  77.40624      -145.05
 296.68863  77.48813      -215.45
 302.24400  77.54860       -82.37
 298.45031  77.65650      -128.09
 304.10055  77.67719       -38.97
 294.64694  77.71359      -242.86
 300.26450  77.81180       -56.49
 296.40258  77.89481      -148.72
 292.54503  77.92636      -291.02
 294.28956  78.12053      -203.32
 315.48209  60.73857      -254.49
 316.37599  60.88673      -355.76
 313.89717  61.21385      -205.87
 317.70520  62.21699      -526.63
 316.90652  62.46561      -403.11
 317.04819  62.86050      -365.00
 318.33556  63.79944      -339.97
 319.33438  63.94335      -441.89
 318.50461  64.19528      -289.02
 309.95943  64.61124       -51.53
 319.90422  65.13265      -300.52
 308.09954  66.13254       517.18
 322.75169  66.59832      -304.87
 326.79796  67.75834      -243.96
 328.35185  68.26221      -222.92
 309.41730  68.28775       140.49
 329.56892  68.36306      -230.04
 330.79270  68.45681      -229.46
 332.47288  68.93470      -218.68
 307.21813  69.77489       644.49
 307.26125  70.55272       398.00
 337.79050  71.00804      -673.51
 332.74310  71.11141       -68.04
 308.59204  71.18482       -39.68
 334.15287  71.19417      -160.14
 307.30796  71.33284       135.68
 331.84099  71.41226       -12.62
 308.64108  71.57713      -114.98
 334.71486  71.58239      -193.09
 330.90651  71.70739        30.43
 333.82779  71.89132      -110.30
 335.30135  71.96968      -233.45
 331.41749  72.10021        18.66
 307.35876  72.11543      -112.54
 306.00012  72.64090      -182.70
 332.51076  72.88397       -24.43
 333.71063  73.66467       -70.50
 335.35185  73.74974      -151.47
 334.35546  74.05361       -87.33
 336.76184  74.52045      -156.60
 338.50064  74.58824      -201.19
 297.44322  76.27255      -560.88
 294.01641  76.30453      -607.05
 294.16354  80.34989      -238.24
 296.36937  80.52143      -196.40
 333.02599  80.62027      -327.67
 298.66042  80.67721      -167.02
 345.03845  80.82981       -38.02
 338.96155  80.82981      -418.61
 343.58581  81.20533      -181.82
 345.29328  81.49979       -11.24
 330.28066  81.53088      -397.61
 303.24758  81.76491      -361.58
 308.75243  81.76491      -371.53
 306.00023  81.86597      -396.71
 317.52875  82.17625      -496.75
 328.01804  82.81098      -769.55
 321.66551  82.82449      -763.41
 322.58420  83.23728      -950.44
