 314.79269  76.67701        44.51
 315.04371  77.08220        60.26
 313.33017  77.25060        38.57
 311.56701  77.40624        10.23
 315.31138  77.48813        77.56
 309.75601  77.54860       -21.85
 313.54970  77.65650        61.49
 307.89946  77.67719       -54.37
 306.00016  77.79151       -84.77
 311.73551  77.81180        39.34
 315.59743  77.89481        94.41
 302.12926  77.95350      -145.32
 309.87075  77.95350        13.38
 298.21548  78.06323      -211.58
 313.78452  78.06323        81.36
 304.04206  78.08106       -90.47
 307.95794  78.08106       -14.02
 290.38370  78.12582      -412.52
 306.00016  78.19398       -41.30
 311.91589  78.21828        62.18
 300.08411  78.21828      -153.13
 315.90388  78.30222       106.76
 296.09613  78.30222      -239.34
 288.16434  78.31137      -467.48
 292.11158  78.33300      -350.42
 309.99367  78.35937        38.66
 302.00633  78.35937      -101.25
 297.96367  78.47081      -180.33
 314.03634  78.47081        94.59
 308.02063  78.48595        12.55
 303.97937  78.48595       -55.51
 293.90618  78.52807      -288.50
 306.00017  78.59749       -15.31
 299.89051  78.62569      -127.57
 312.10950  78.62569        75.33
 295.76700  78.71036      -229.82
 316.23301  78.71036       109.60
 301.87430  78.76624       -81.93
 310.12571  78.76624        51.03
 314.30708  78.87925        96.55
 297.69292  78.87925      -176.46
 303.91200  78.89189       -42.52
 308.08801  78.89189        23.03
 306.00017  79.00205        -8.24
 299.68214  79.03405      -128.75
 312.31787  79.03405        75.68
 295.41252  79.11923      -246.75
 316.58749  79.11923        99.60
 310.26792  79.17414        48.47
 301.73208  79.17414       -86.82
 297.40098  79.28853      -196.76
 314.59903  79.28853        84.21
 303.83937  79.29889       -50.78
 308.16063  79.29889        16.68
 318.95101  79.34480        82.51
 306.00018  79.40769       -19.48
 312.54278  79.44338        60.92
 299.45723  79.44338      -152.14
 316.97039  79.52878        74.53
 301.57843  79.58309      -112.43
 310.42157  79.58309        30.84
 335.26456  79.68138      -257.27
 314.91479  79.69866        57.49
 297.08522  79.69866      -235.48
 308.23915  79.70699        -4.94
 303.76086  79.70699       -76.84
 319.43226  79.75391        43.03
 306.00019  79.81444       -45.83
 330.97064  79.83173      -211.65
 312.78633  79.85367        32.50
 299.21368  79.85367      -191.12
 326.52905  79.92655      -107.50
 317.38531  79.93902        35.33
 333.65890  79.95893      -266.72
 321.98389  79.96297       -12.41
 301.41189  79.99310      -150.90
 310.58812  79.99310         0.64
 329.20808  80.08601      -194.34
 315.25745  80.10963        19.03
 303.67568  80.11621      -114.49
 308.32432  80.11621       -37.52
 324.62327  80.15505       -88.30
 319.95464  80.16345        -8.68
 306.00019  80.22234       -81.42
 331.95563  80.22692      -261.39
 313.05096  80.26495        -4.84
 327.34699  80.32920      -172.68
 317.83647  80.34989       -12.93
 322.62180  80.37094       -73.39
 310.76928  80.40419       -35.53
 301.23072  80.40419      -193.37
 330.15009  80.48456      -244.84
 315.63063  80.52143       -24.65
 303.58295  80.52659      -153.32
 308.41706  80.52659       -72.97
 325.38431  80.56046      -149.99
 320.52366  80.57334       -64.06
 306.00020  80.63141      -117.78
 313.33958  80.67721       -43.22
 328.23798  80.73100      -220.70
 318.32886  80.76134       -60.65
 323.31773  80.77886      -128.57
 310.96711  80.81639       -68.51
 301.03289  80.81639      -229.65
 331.17677  80.88162      -260.34
 316.03865  80.93403       -63.05
 303.48158  80.93814      -183.31
 308.51842  80.93814      -101.16
 326.21555  80.96534      -191.92
 321.14584  80.98348      -109.69
 306.00021  81.04168      -142.44
 298.34436  81.09046      -307.08
 313.65565  81.09046       -71.41
 329.21196  81.13167      -231.31
 318.86843  81.17333       -93.96
 324.07985  81.18660      -160.58
 300.81596  81.22971      -248.62
 311.18404  81.22971       -86.59
 316.48665  81.34740       -82.05
 327.12695  81.36947      -193.51
 321.82896  81.39376      -128.02
 314.00330  81.50468       -75.27
 319.46228  81.58575       -95.42
 324.91796  81.59395      -148.77
 316.98083  81.76149       -64.56
 322.58235  81.80402       -98.62
 320.11902  81.99852       -45.06
 322.63501  72.78890        62.13
 321.44999  73.02624        67.61
 322.99571  73.18875        55.02
 324.56289  73.34196        36.07
 321.78947  73.42664        63.02
 326.15062  73.48565         9.60
 323.37423  73.58875        48.26
 320.54484  73.65602        69.98
 324.98161  73.74124        27.89
 322.14600  73.82728        58.76
 326.61060  73.88388         1.02
 323.77195  73.98886        42.64
 320.87766  74.05718        67.99
 325.42177  74.14050        21.69
 322.52093  74.22812        55.19
 319.56883  74.27808        74.55
 327.09431  74.28195        -4.02
 324.19042  74.38905        38.57
 321.22794  74.45865        65.94
 325.88507  74.53969        18.04
 322.91576  74.62916        52.38
 327.60363  74.67977        -5.47
 319.89256  74.68004        73.76
 324.63130  74.78929        35.76
 329.34467  74.80904       -30.52
 321.59713  74.86040        63.84
 318.51453  74.89187        75.75
 326.37340  74.93877        16.78
 323.33214  75.03034        50.26
 328.14067  75.07730        -4.11
 320.23406  75.08237        72.20
 325.09649  75.18953        34.41
 329.93148  75.20461       -25.48
 336.49787  75.21323       -50.24
 321.98684  75.26241        61.90
 318.82623  75.29464        75.19
 331.74402  75.32045       -43.68
 326.88888  75.33766        17.25
 333.57623  75.42457       -53.12
 323.77192  75.43164        48.61
 328.70773  75.47444        -1.39
 320.59486  75.48507        70.43
 317.37357  75.49677        69.39
 335.42588  75.51677       -47.36
 325.58806  75.58971        34.21
 337.29050  75.59684       -20.63
 330.55126  75.59957       -20.07
 322.39886  75.66465        60.37
 319.15584  75.69788        74.28
 332.41742  75.71280       -34.95
 327.43381  75.73630        18.40
 334.30391  75.81386       -40.07
 324.23714  75.83300        48.04
 329.30741  75.87110         0.82
 320.97668  75.88811        69.43
 317.66967  75.90038        70.73
 336.20824  75.90255       -28.49
 326.10835  75.98977        34.61
 331.20683  75.99380       -16.81
 322.83517  76.06708        59.87
 316.13650  76.09209        56.87
 319.50498  76.10157        74.40
 333.12978  76.10413       -29.98
 328.01081  76.13460        18.82
 335.07371  76.20184       -31.75
 324.73010  76.23437        48.54
 329.94256  76.26717         0.39
 337.03580  76.28668       -14.13
 321.38144  76.29147        69.89
 317.98360  76.30453        73.36
 331.90132  76.38717       -18.16
 326.65993  76.38963        34.69
 323.29804  76.46965        61.19
 333.88450  76.49430       -30.91
 316.41268  76.49651        63.94
 319.87547  76.50568        77.00
 328.62276  76.53246        16.71
 335.88924  76.58830       -29.34
 325.25338  76.63569        49.49
 330.61638  76.66254        -4.96
 321.81131  76.69509        72.70
 318.31705  76.70922        78.77
 332.63820  76.77952       -26.18
 327.24571  76.78920        32.78
 323.78996  76.87231        63.89
 334.68533  76.88311       -38.91
 316.70630  76.90157        73.66
 320.26936  76.91020        82.09
 329.27290  76.92978         9.79
 336.75450  76.97304       -32.59
 325.80984  77.03689        49.22
 331.33243  77.05705       -17.45
 322.26872  77.09896        77.64
 318.67193  77.11444        87.56
 333.42137  77.17068       -42.26
 327.86896  77.18839        26.40
 335.53643  77.27036       -53.91
 324.31378  77.27500        66.08
 317.01910  77.30726        86.24
 320.68899  77.31509        89.54
 329.96488  77.32641        -4.55
 337.67393  77.35580       -39.72
 326.40275  77.43786        44.85
 332.09472  77.45055       -38.91
 322.75643  77.50300        82.52
 319.05041  77.52016        97.64
 334.25516  77.56045       -66.72
 328.53334  77.58708        12.37
 336.44245  77.65580       -74.27
 324.87272  77.67765        64.38
 317.35306  77.71359        99.97
 321.13697  77.72031        96.83
 330.70275  77.72221       -28.80
 327.03578  77.83852        32.51
 332.90771  77.84284       -70.24
 323.27755  77.90716        83.37
 319.45497  77.92636       106.87
 335.14440  77.94860       -98.26
 329.24299  77.98512       -12.56
 337.40856  78.03916       -96.46
 325.47040  78.08015        54.24
 331.49114  78.11699       -64.50
 317.71044  78.12053       110.60
 321.61631  78.12582        99.58
 333.77644  78.23370      -110.52
 327.71309  78.23872         8.23
 323.83566  78.31137        75.14
 319.88842  78.33300       110.55
 336.09454  78.33486      -133.27
 330.00260  78.38236       -50.58
 338.44055  78.42013      -114.55
 326.11097  78.48241        31.11
 332.33522  78.51056      -111.11
 318.09383  78.52807       114.26
 322.13043  78.53156        92.42
 334.70658  78.62289      -156.07
 328.43943  78.63833       -30.70
 324.43483  78.71554        52.95
 337.11166  78.71893      -165.21
 320.35400  78.74005       103.38
 330.81750  78.77860      -101.43
 326.79917  78.88429        -8.02
 333.24089  78.90268      -164.83
 318.50620  78.93617       106.07
 322.68328  78.93744        70.50
 335.70451  79.01010      -199.68
 329.22019  79.03718       -84.15
 338.20259  79.10045      -184.28
 325.07971  79.11954        13.81
 320.85544  79.14744        80.97
 331.69374  79.17362      -161.06
 327.54042  79.28564       -62.88
 334.21480  79.29306      -217.69
 323.27939  79.34340        31.27
 336.77747  79.39500      -230.23
 330.06156  79.43506      -147.67
 339.37503  79.47901      -177.66
 325.77571  79.52327       -41.57
 321.39706  79.55511        41.56
 332.63824  79.56717      -220.70
 328.34099  79.68629      -128.47
 323.92401  79.74931       -23.85
 325.30684  67.24633      -600.07
 324.44580  67.52113      -490.77
 325.61790  67.64303      -540.06
 324.74629  67.91816      -428.05
 325.94004  68.03965      -476.84
 327.14205  68.15437      -511.60
 323.85042  68.18731      -308.46
 325.05764  68.31516      -365.56
 326.27390  68.43617      -412.38
 324.15022  68.58463      -251.87
 328.73163  68.65721      -464.46
 325.38048  68.71211      -304.72
 329.97202  68.75703      -466.05
 326.62016  68.83257      -348.30
 323.21729  68.84783      -146.47
 331.21932  68.84956      -450.28
 327.86873  68.94589      -380.08
 324.46125  68.98197      -199.04
 333.73202  69.01237      -362.18
 329.12564  69.05194      -398.20
 322.25839  69.10451       -58.50
 325.71551  69.10901      -246.62
 330.39029  69.15062      -401.35
 326.97956  69.22884      -286.32
 331.66203  69.24182      -386.92
 323.51568  69.24548      -104.61
 332.94016  69.32544      -354.53
 328.25283  69.34133      -316.14
 324.78420  69.37930      -150.43
 334.22396  69.40137      -309.11
 329.53474  69.44635      -334.54
 322.54329  69.50241       -28.62
 326.06345  69.50583      -192.45
 330.82462  69.54380      -340.10
 327.35288  69.62495      -228.56
 332.12178  69.63356      -327.31
 323.82567  69.64319       -67.50
 333.42546  69.71553      -300.60
 328.65189  69.73652      -257.31
 325.11979  69.77662      -106.74
 334.73488  69.78961      -260.80
 329.95983  69.84041      -277.18
 336.04920  69.85571      -209.94
 322.83942  69.90042        -3.12
 326.42509  69.90256      -143.88
 331.27598  69.93652      -283.87
 327.74100  70.02087      -177.65
 324.14799  70.04095       -35.40
 329.06683  70.13142      -206.91
 325.46881  70.17392       -69.10
 335.26589  70.17702      -219.34
 330.40190  70.23408      -228.96
 323.14750  70.29855        17.99
 326.80131  70.29918      -102.96
 328.14482  70.41659      -136.34
 324.48341  70.43875        -9.01
 329.49865  70.52601      -167.94
 325.83212  70.57116       -39.02
 327.19301  70.69565       -71.81
 323.46829  70.69678        34.29
 328.56536  70.81205      -106.97
 324.83278  70.83657        10.64
 329.94840  70.92023      -141.50
 326.21065  70.96834       -18.00
 331.34128  71.02006      -170.29
 327.60122  71.09194       -52.05
 323.80264  71.09510        45.09
 329.00371  71.20722       -90.66
 325.19702  71.23438        22.60
 330.41727  71.31405      -128.72
 322.74116  71.34648        65.61
 326.60540  71.36541        -6.98
 328.02702  71.48802       -44.17
 324.15146  71.49349        49.88
 329.46103  71.60207       -86.38
 325.57715  71.63217        26.48
 323.07335  71.74537        65.71
 327.01747  71.76235        -5.84
 328.47160  71.88385       -46.92
 324.51573  71.89193        48.67
 329.93861  71.99653       -92.35
 325.97424  72.02991        22.82
 323.42050  72.14438        61.70
 327.44805  72.15912       -13.15
 332.90714  72.19476      -167.24
 328.93625  72.27939       -57.44
 324.89654  72.29040        42.27
 322.29087  72.38921        68.53
 330.43784  72.39054      -104.46
 326.38949  72.42756        13.23
 331.95170  72.49243      -146.02
 323.78368  72.54350        54.47
 327.89844  72.55567       -25.99
 329.42239  72.67456       -71.90
 325.29508  72.68886        32.23
 330.96023  72.78405      -117.83
 326.82420  72.82509         0.21
 324.16405  72.94271        45.40
 328.37005  72.95197       -40.72
 329.93154  73.06933       -85.91
 325.71263  73.08729        20.63
 331.50744  73.17698      -127.77
 327.27979  73.22244       -13.21
 328.86445  73.34795       -53.75
 330.46540  73.46361       -95.64
 327.75783  73.61958       -24.22
 329.38334  73.74354       -62.26
 331.02579  73.85732       -98.61
 332.68371  73.96074      -125.25
 328.26004  74.01644       -31.00
 329.92858  74.13867       -64.74
 331.61474  74.25039       -94.11
 333.31689  74.35137      -111.56
 328.78829  74.41295       -32.90
 335.03324  74.44145      -110.13
 330.50222  74.53327       -61.29
 332.23447  74.64269       -83.26
 333.98321  74.74101       -91.88
 335.74645  74.82804       -81.03
 337.52207  74.90361       -46.87
 331.10654  74.92723       -53.44
 332.88740  75.03413       -68.54
 334.68525  75.12953       -69.37
 315.96282  62.31418      -376.97
 315.14048  62.55148      -395.15
 316.09111  62.70828      -364.07
 315.25881  62.94481      -363.35
 316.22294  63.10249      -346.06
 317.19380  63.25548      -343.19
 315.38044  63.33827      -327.54
 316.35848  63.49682      -324.57
 317.34355  63.65057      -340.38
 316.49791  63.89129      -300.63
 317.49764  64.04578      -333.52
 316.64142  64.28591      -274.68
 317.65628  64.44113      -321.93
 315.76673  64.51962      -213.76
 318.67871  64.59123      -388.04
 316.78921  64.68069      -246.74
 317.81970  64.83662      -304.74
 315.90323  64.91376      -177.15
 318.85809  64.98730      -381.06
 316.94149  65.07565      -216.73
 317.98814  65.23226      -281.33
 316.04392  65.30811      -142.22
 319.04304  65.38350      -363.21
 317.09850  65.47079      -184.74
 318.16186  65.62807      -251.70
 321.17687  65.66950      -540.97
 316.18901  65.70268      -109.58
 319.23384  65.77985      -334.79
 317.26048  65.86614      -151.34
 320.31425  65.92602      -424.43
 318.34114  66.02406      -216.71
 321.40288  66.06650      -511.60
 316.33874  66.09748       -80.02
 319.43079  66.17634      -297.34
 317.42770  66.26169      -117.62
 320.52926  66.32288      -384.01
 323.60385  66.32994      -652.28
 318.52626  66.42023      -178.11
 324.71564  66.45271      -698.45
 321.63631  66.46358      -468.37
 316.49336  66.49253       -54.40
 319.63423  66.57299      -253.51
 317.60042  66.65747       -85.06
 320.75142  66.71986      -335.25
 323.87511  66.72702      -606.74
 318.71754  66.81660      -138.24
 325.00627  66.84955      -654.10
 321.87756  66.86074      -415.74
 319.84451  66.96981      -206.60
 323.01239  66.99552      -489.13
 317.77897  67.05348       -55.23
 320.98111  67.11697      -282.31
 324.15560  67.12408      -551.45
 318.91533  67.21317       -99.61
 322.12706  67.25799      -358.35
 320.06201  67.36679      -159.99
 323.28207  67.39275      -429.19
 317.96364  67.44974       -29.42
 321.21875  67.51422      -229.12
 319.11999  67.60996       -64.39
 322.38526  67.65533      -300.32
 320.28713  67.76395      -116.49
 323.56123  67.79002      -368.07
 321.46480  67.91159      -178.79
 319.33191  68.00696       -33.95
 322.65268  68.05275      -244.68
 320.52032  68.16129       -77.91
 321.71973  68.30910      -133.24
 322.92983  68.45025      -193.18
 320.76203  68.55881       -44.98
 321.98408  68.70674       -93.20
 312.99628  61.05139      -532.70
 315.59769  61.13238      -364.68
 316.50352  61.28138      -282.56
 314.80384  61.37215      -440.95
 313.08158  61.44229      -528.24
 315.71626  61.52624      -379.25
 313.99434  61.60585      -485.36
 312.25049  61.66436      -549.29
 316.63435  61.67606      -308.28
 314.91313  61.76517      -436.55
 317.55806  61.82154      -231.61
 313.16909  61.83330      -508.61
 315.83792  61.92017      -382.74
 314.09404  61.99796      -464.95
 312.32804  62.05430      -520.33
 316.76863  62.07080      -325.87
 315.02530  62.15827      -420.44
 313.25889  62.22442      -476.20
 311.47116  62.26865      -526.88
 314.19639  62.39017      -433.37
 312.40764  62.44437      -480.35
 313.35110  62.61568      -434.04
 314.30151  62.78251      -393.62
 311.54025  62.65760      -483.64
 312.48938  62.83459      -432.67
 310.65674  62.86393      -487.61
 313.44583  63.00708      -385.44
 311.61121  63.04672      -435.12
 314.40953  63.17500      -348.75
 312.57337  63.22499      -380.74
 310.71660  63.25186      -442.17
 313.54318  63.39866      -333.65
 311.68414  63.43603      -384.78
 314.52059  63.56765      -301.56
 312.65972  63.61557      -327.86
 310.77814  63.64001      -397.33
 315.50552  63.73189      -289.76
 313.64330  63.79041      -281.61
 311.75913  63.82555      -335.81
 314.63483  63.96047      -254.39
 312.74853  64.00636      -277.00
 310.84143  64.02837      -356.07
 315.63423  64.12566      -251.51
 313.74631  64.18236      -231.86
 311.83627  64.21529      -291.11
 314.75240  64.35348      -209.08
 312.83993  64.39737      -230.74
 310.90654  64.41698      -321.04
 313.85235  64.57453      -186.47
 311.91567  64.60527      -253.15
 314.87348  64.74669      -167.05
 312.93403  64.78861      -191.26
 310.97358  64.80585      -294.45
 313.96158  64.96693      -147.14
 311.99745  64.99550      -224.01
 314.99824  65.14013      -129.41
 313.03099  65.18011      -160.33
 311.04264  65.19499      -278.15
 314.07415  65.35957      -115.23
 312.08172  65.38601      -205.35
 310.06969  65.38687      -341.38
 315.12686  65.53379       -97.09
 313.13094  65.57187      -139.32
 311.11381  65.58443      -273.45
 314.19024  65.75247       -91.78
 310.12737  65.77513      -350.16
 312.16861  65.77681      -198.29
 315.25955  65.92771       -70.88
 309.12255  65.95791      -418.23
 313.23404  65.96392      -129.06
 311.18722  65.97417      -281.06
 314.31004  66.14564       -77.41
 312.25826  66.16792      -203.21
 315.39652  66.32188       -51.39
 313.34045  66.35627      -129.69
 311.26297  66.36425      -300.75
 314.43373  66.53911       -72.16
 312.35082  66.55935      -219.53
 315.53800  66.71633       -38.86
 313.45036  66.74893      -140.41
 311.34119  66.75466      -331.17
 316.65312  66.88783       -33.49
 314.56154  66.93288       -75.30
 310.31172  66.94197      -444.18
 312.44643  66.95112      -245.48
 315.68423  67.11108       -32.94
 313.56395  67.14193      -159.31
 311.42202  67.14544      -369.64
 316.81833  67.28340       -17.68
 314.69368  67.32697       -85.18
 310.37728  67.33165      -491.22
 312.54528  67.34325      -278.03
 315.83550  67.50612       -32.59
 313.68143  67.53528      -183.39
 311.50561  67.53660      -412.20
 316.98927  67.67925        -6.75
 314.83040  67.72140       -99.20
 310.44509  67.72174      -539.56
 312.64754  67.73575      -312.97
 318.15481  67.84624        -8.29
 315.99206  67.90148       -35.97
 311.59209  67.92815      -453.83
 313.80302  67.92899      -208.71
 317.16627  68.07539         0.25
 310.51527  68.11223      -583.85
 314.97197  68.11617      -114.09
 312.75340  68.12865      -345.39
 318.35283  68.24301         8.29
 316.15425  68.29716       -40.70
 311.68165  68.32012      -489.08
 313.92895  68.32308      -230.88
 319.55151  68.40419        -8.76
 310.58795  68.50317      -618.60
 310.66330  68.89455      -639.03
 317.34970  68.47183         4.80
 315.11866  68.51131      -126.35
 312.86308  68.52195      -370.25
 318.55811  68.64004        21.12
 316.32237  68.69319       -44.20
 311.77446  68.71252      -512.80
 314.05949  68.71756      -245.73
 319.77924  68.80165        11.57
 317.53993  68.86859         8.68
 315.27077  68.90682      -132.78
 312.97679  68.91567      -383.23
 321.01278  68.95652       -17.46
 318.77109  69.03735        31.40
 316.49680  69.08957       -44.22
 311.87072  69.10537      -521.00
 314.19489  69.11245      -249.98
 320.01560  69.19934        27.98
 317.73737  69.26566        13.47
 310.74147  69.28641      -641.83
 315.42865  69.30272      -131.14
 313.09480  69.30983      -381.46
 321.27312  69.35441         5.40
 318.99223  69.43495        40.35
 316.67791  69.48631       -39.31
 311.97063  69.49869      -511.62
 314.33548  69.50777      -241.91
 320.26111  69.59727        41.46
 317.94246  69.66306        20.18
 310.82262  69.67875      -625.88
 315.59264  69.69902      -120.62
 313.21735  69.70445      -364.13
 321.54364  69.75248        24.43
 319.22205  69.83282        48.79
 316.86612  69.88342       -29.11
 312.07442  69.89249      -484.87
 314.48156  69.90352      -221.72
 320.51635  69.99543        52.75
 318.15570  70.06080        29.00
 310.90695  70.07161      -592.44
 315.76313  70.09573      -101.94
 313.34473  70.09954      -332.60
 321.82498  70.15073        40.11
 319.46108  70.23099        56.95
 309.71528  70.24154      -677.76
 317.06189  70.28091       -14.49
 312.18235  70.28679      -443.30
 314.63348  70.29973      -191.39
 320.78193  70.39383        62.08
 318.37760  70.45887        39.29
 310.99466  70.46499      -544.93
 315.94054  70.49287       -77.19
 313.47727  70.49511      -290.16
 322.11783  70.54915        52.46
 319.70994  70.62945        64.48
 309.78206  70.63386      -630.55
 317.26570  70.67879         2.84
 312.29467  70.68160      -391.21
 314.79163  70.69640      -154.33
 321.05854  70.79246        69.20
 318.60872  70.85729        49.86
 311.08598  70.85891      -488.30
 316.12531  70.89045       -49.32
 313.61528  70.89119      -241.30
 322.42295  70.94774        61.12
 309.85160  71.02675      -576.20
 319.96926  71.02820        70.64
 312.41167  71.07696      -333.85
 317.47810  71.07707        20.68
 314.95643  71.09355      -114.56
 321.34690  71.19133        73.63
 311.18113  71.25340      -428.02
 318.84970  71.25607        59.34
 313.75914  71.28779      -190.84
 316.31796  71.28847       -21.43
 309.92408  71.42022      -519.89
 320.23975  71.42725        74.67
 312.53369  71.47286      -276.39
 317.69965  71.47575        37.02
 315.12831  71.49119       -75.90
 321.64781  71.59041        74.94
 311.28039  71.64847      -369.11
 319.10119  71.65519        66.63
 313.90926  71.68491      -142.99
 316.51901  71.68694         3.91
 309.99971  71.81430      -466.01
 320.52219  71.82658        76.11
 312.66105  71.86934      -222.99
 317.93100  71.87484        50.44
 315.30777  71.88933       -41.27
 308.69225  71.97005      -562.79
 321.96215  71.98971        73.10
 311.38403  72.04414      -315.29
 319.36394  72.05466        71.19
 314.06607  72.08259      -100.68
 316.72905  72.08588        25.08
 310.07871  72.20901      -417.45
 320.81741  72.22619        75.01
 312.79414  72.26640      -176.28
 318.17283  72.27435        60.37
 315.49536  72.28799       -12.27
 308.74572  72.36363      -524.82
 311.49238  72.44043      -268.55
 319.63875  72.45449        73.13
 314.23004  72.48082       -65.28
 316.94874  72.48529        41.56
 321.12634  72.62608        71.89
 312.93337  72.66406      -137.17
 318.42592  72.67427        67.01
 315.69165  72.68717        10.79
 319.92651  72.85466        73.07
 317.17877  72.88518        53.75
 307.38588  72.50769      -630.68
 310.16132  72.60436      -375.36
 308.80166  72.75787      -491.58
 311.60577  72.83735      -229.14
 314.40171  72.87963       -36.77
 307.41425  72.90064      -609.39
 310.24780  73.00038      -339.23
 306.00012  73.03236      -719.49
 313.07921  73.06234      -105.17
 318.69110  73.07460        71.08
 315.89731  73.08689        28.52
 308.86023  73.15280      -461.81
 311.72458  73.23493      -196.07
 320.22819  73.25517        71.79
 314.58166  73.27903       -14.20
 317.41994  73.28555        62.48
 307.44397  73.29428      -588.13
 310.33846  73.39708      -307.49
 306.00012  73.42452      -707.65
 313.23215  73.46125       -78.97
 318.96928  73.47535        73.36
 316.11304  73.48715        41.98
 308.92165  73.54843      -433.41
 311.84924  73.63319      -167.63
 314.77053  73.67902         3.70
 317.67310  73.68641        68.61
 304.52487  73.68865      -821.05
 307.47514  73.68865      -564.33
 310.43361  73.79449      -278.12
 306.00012  73.81741      -688.91
 313.39274  73.86081       -57.06
 319.26149  73.87651        74.44
 316.33963  73.88796        52.13
 308.98613  73.94480      -404.07
 311.98020  74.03213      -142.14
 314.96902  74.07963        18.04
 304.49213  74.08377      -801.43
 307.50787  74.08377      -535.54
 317.93920  74.08774        72.72
 310.53362  74.19262      -249.30
 306.00013  74.21105      -660.71
 313.56161  74.26103       -38.23
 316.57795  74.28932        59.60
 309.05393  74.34192      -371.96
 312.11797  74.43178      -118.31
 304.45770  74.47965      -766.79
 307.54230  74.47965      -499.97
 315.17791  74.48085        29.53
 318.21929  74.48957        75.05
 310.63886  74.59150      -219.79
 306.00013  74.60546      -621.44
 313.73943  74.66193       -21.72
 316.82898  74.69124        64.72
 309.12531  74.73981      -335.96
 312.26312  74.83216       -95.44
 307.57856  74.87632      -456.79
 304.42144  74.87632      -716.27
 315.39808  74.88270        38.56
 310.74980  74.99115      -189.02
 306.00013  75.00067      -570.70
 313.92696  75.06352        -7.11
 317.09379  75.09373        67.78
 302.79943  75.13849      -778.29
 309.20058  75.13849      -295.86
 312.41628  75.23329       -73.21
 304.38320  75.27380      -650.64
 307.61681  75.27380      -406.26
 315.63049  75.28519        45.55
 310.86692  75.39158      -157.00
 306.00014  75.39670      -509.37
 314.12505  75.46581         6.00
 302.71993  75.53800      -696.28
 309.28007  75.53800      -252.12
 312.57815  75.63517       -51.43
 307.65722  75.67213      -349.55
 304.34279  75.67213      -572.23
 315.87623  75.68832        51.25
 310.99076  75.79282      -123.97
 301.00924  75.79282      -706.01
 306.00014  75.79358      -439.48
 314.33464  75.86882        18.27
 302.63583  75.93835      -601.16
 309.36417  75.93835      -205.70
 312.74953  76.03783       -29.76
 307.69998  76.07132      -288.55
 304.30002  76.07132      -484.73
 292.49503  76.10157      -754.80
 306.00014  76.19133      -364.03
 311.12195  76.19489       -90.23
 300.87805  76.19489      -597.62
 314.55679  76.27255        30.74
 309.45330  76.33956      -157.84
 302.54670  76.33956      -498.52
 312.93130  76.44128        -7.72
 299.06870  76.44128      -570.74
 307.74533  76.47139      -225.64
 304.25468  76.47139      -392.86
 295.58732  76.49651      -609.30
 292.12454  76.50568      -655.28
 306.00015  76.58997      -286.68
 311.26118  76.59780       -56.13
 300.73882  76.59780      -485.55
 297.20731  76.67701      -534.65
 293.68296  76.70922      -579.50
 309.54794  76.74165      -109.98
 302.45206  76.74165      -394.88
 313.12447  76.84553        15.11
 298.87553  76.84553      -457.40
 304.20651  76.87238      -302.03
 307.79349  76.87238      -163.55
 295.29371  76.90157      -504.08
 291.73064  76.91020      -561.17
 306.00015  76.98953      -211.50
 300.59077  77.00158      -377.79
 311.40924  77.00158       -22.26
 296.95629  77.08220      -429.06
 289.73128  77.09896      -554.07
 309.64864  77.14466       -63.90
 302.35137  77.14466      -297.17
 298.66983  77.25060      -354.86
 304.15524  77.27430      -217.84
 307.84476  77.27430      -105.36
 294.98091  77.30726      -414.17
 306.00015  77.39003      -142.78
 300.43300  77.40624      -282.19
 296.68863  77.48813      -340.75
 302.24400  77.54860      -212.05
 298.45031  77.65650      -270.92
 304.10055  77.67719      -145.74
 294.64694  77.71359      -345.99
 300.26450  77.81180      -205.59
 296.40258  77.89481      -276.46
 292.54503  77.92636      -369.03
 294.28956  78.12053      -302.57
 315.48209  60.73857      -337.83
 316.37599  60.88673      -247.73
 313.89717  61.21385      -492.03
 317.70520  62.21699      -269.29
 316.90652  62.46561      -336.69
 317.04819  62.86050      -342.12
 318.33556  63.79944      -373.35
 319.33438  63.94335      -419.86
 318.50461  64.19528      -384.97
 309.95943  64.61124      -358.50
 319.90422  65.13265      -466.91
 308.09954  66.13254      -461.35
 322.75169  66.59832      -544.02
 326.79796  67.75834      -574.57
 328.35185  68.26221      -530.00
 309.41730  68.28775      -682.91
 329.56892  68.36306      -530.37
 330.79270  68.45681      -511.98
 332.47288  68.93470      -413.73
 307.21813  69.77489      -790.56
 307.26125  70.55272      -763.28
 337.79050  71.00804      -110.13
 332.74310  71.11141      -188.53
 308.59204  71.18482      -650.74
 334.15287  71.19417      -190.86
 307.30796  71.33284      -708.86
 331.84099  71.41226      -161.00
 308.64108  71.57713      -605.37
 334.71486  71.58239      -181.25
 330.90651  71.70739      -127.95
 333.82779  71.89132      -179.26
 335.30135  71.96968      -175.19
 331.41749  72.10021      -135.38
 307.35876  72.11543      -654.03
 306.00012  72.64090      -727.30
 332.51076  72.88397      -154.67
 333.71063  73.66467      -150.31
 335.35185  73.74974      -147.13
 334.35546  74.05361      -134.19
 336.76184  74.52045       -85.26
 338.50064  74.58824       -35.74
 297.44322  76.27255      -649.01
 294.01641  76.30453      -682.15
 294.16354  80.34989      -382.24
 296.36937  80.52143      -330.65
 333.02599  80.62027      -278.12
 298.66042  80.67721      -279.32
 345.03845  80.82981       363.28
 338.96155  80.82981      -125.62
 343.58581  81.20533       333.25
 345.29328  81.49979       651.21
 330.28066  81.53088      -182.49
 303.24758  81.76491      -171.35
 308.75243  81.76491       -86.89
 306.00023  81.86597      -111.21
 317.52875  82.17625         8.71
 328.01804  82.81098       367.73
 321.66551  82.82449       296.76
 322.58420  83.23728       629.62
