 314.79269  76.67701       -34.47
 315.04371  77.08220       -28.56
 313.33017  77.25060       -36.78
 311.56701  77.40624       -31.62
 315.31138  77.48813       -27.06
 309.75601  77.54860       -14.72
 313.54970  77.65650       -34.37
 307.89946  77.67719         8.54
 306.00016  77.79151        29.36
 311.73551  77.81180       -24.30
 315.59743  77.89481       -27.61
 302.12926  77.95350        19.84
 309.87075  77.95350         1.13
 298.21548  78.06323      -100.70
 313.78452  78.06323       -35.63
 304.04206  78.08106        61.04
 307.95794  78.08106        34.76
 290.38370  78.12582      -458.90
 306.00016  78.19398        65.14
 311.91589  78.21828       -23.38
 300.08411  78.21828         0.32
 315.90388  78.30222       -27.34
 296.09613  78.30222      -179.15
 288.16434  78.31137      -470.57
 292.11158  78.33300      -378.37
 309.99367  78.35937         6.77
 302.00633  78.35937        66.54
 297.96367  78.47081       -62.79
 314.03634  78.47081       -37.93
 308.02063  78.48595        46.24
 303.97937  78.48595        92.49
 293.90618  78.52807      -274.64
 306.00017  78.59749        81.56
 299.89051  78.62569        29.84
 312.10950  78.62569       -26.61
 295.76700  78.71036      -160.29
 316.23301  78.71036       -24.30
 301.87430  78.76624        85.81
 310.12571  78.76624         4.01
 314.30708  78.87925       -39.37
 297.69292  78.87925       -52.06
 303.91200  78.89189       100.78
 308.08801  78.89189        44.45
 306.00017  79.00205        80.13
 299.68214  79.03405        32.83
 312.31787  79.03405       -32.67
 295.41252  79.11923      -161.66
 316.58749  79.11923       -19.02
 310.26792  79.17414        -6.11
 301.73208  79.17414        80.74
 297.40098  79.28853       -62.17
 314.59903  79.28853       -40.47
 303.83937  79.29889        88.19
 308.16063  79.29889        30.44
 318.95101  79.34480        25.57
 306.00018  79.40769        62.23
 312.54278  79.44338       -41.96
 299.45723  79.44338        14.03
 316.97039  79.52878       -14.84
 301.57843  79.58309        54.76
 310.42157  79.58309       -24.31
 335.26456  79.68138      -253.74
 314.91479  79.69866       -44.98
 297.08522  79.69866       -86.98
 308.23915  79.70699         3.81
 303.76086  79.70699        56.61
 319.43226  79.75391        28.74
 306.00019  79.81444        28.14
 330.97064  79.83173       -91.59
 312.78633  79.85367       -57.91
 299.21368  79.85367       -21.58
 326.52905  79.92655        51.36
 317.38531  79.93902       -18.42
 333.65890  79.95893      -215.82
 321.98389  79.96297        61.99
 301.41189  79.99310        10.04
 310.58812  79.99310       -53.35
 329.20808  80.08601       -38.62
 315.25745  80.10963       -59.66
 303.67568  80.11621         6.32
 308.32432  80.11621       -38.05
 324.62327  80.15505        55.72
 319.95464  80.16345        16.45
 306.00019  80.22234       -23.86
 331.95563  80.22692      -166.60
 313.05096  80.26495       -87.09
 327.34699  80.32920        -7.24
 317.83647  80.34989       -39.47
 322.62180  80.37094        29.14
 310.76928  80.40419       -98.80
 301.23072  80.40419       -52.02
 330.15009  80.48456      -123.44
 315.63063  80.52143       -94.18
 303.58295  80.52659       -64.11
 308.41706  80.52659       -99.37
 325.38431  80.56046        -6.81
 320.52366  80.57334       -22.82
 306.00020  80.63141       -98.08
 313.33958  80.67721      -138.68
 328.23798  80.73100      -101.60
 318.32886  80.76134       -89.97
 323.31773  80.77886       -39.77
 310.96711  80.81639      -169.06
 301.03289  80.81639      -133.80
 331.17677  80.88162      -242.97
 316.03865  80.93403      -160.48
 303.48158  80.93814      -158.21
 308.51842  80.93814      -187.16
 326.21555  80.96534      -111.33
 321.14584  80.98348      -101.74
 306.00021  81.04168      -199.30
 298.34436  81.09046      -221.48
 313.65565  81.09046      -224.14
 329.21196  81.13167      -238.81
 318.86843  81.17333      -183.15
 324.07985  81.18660      -156.22
 300.81596  81.22971      -241.26
 311.18404  81.22971      -274.78
 316.48665  81.34740      -271.92
 327.12695  81.36947      -266.46
 321.82896  81.39376      -232.93
 314.00330  81.50468      -356.52
 319.46228  81.58575      -332.42
 324.91796  81.59395      -330.34
 316.98083  81.76149      -442.29
 322.58235  81.80402      -427.87
 320.11902  81.99852      -550.32
 322.63501  72.78890       133.10
 321.44999  73.02624        93.69
 322.99571  73.18875       142.57
 324.56289  73.34196       171.62
 321.78947  73.42664       104.28
 326.15062  73.48565       172.66
 323.37423  73.58875       147.14
 320.54484  73.65602        60.71
 324.98161  73.74124       168.72
 322.14600  73.82728       111.14
 326.61060  73.88388       160.00
 323.77195  73.98886       148.66
 320.87766  74.05718        68.99
 325.42177  74.14050       162.11
 322.52093  74.22812       116.32
 319.56883  74.27808        26.53
 327.09431  74.28195       145.47
 324.19042  74.38905       148.61
 321.22794  74.45865        77.04
 325.88507  74.53969       153.23
 322.91576  74.62916       121.22
 327.60363  74.67977       129.30
 319.89256  74.68004        36.72
 324.63130  74.78929       146.08
 329.34467  74.80904        82.86
 321.59713  74.86040        85.99
 318.51453  74.89187         0.03
 326.37340  74.93877       142.44
 323.33214  75.03034       125.82
 328.14067  75.07730       110.82
 320.23406  75.08237        48.57
 325.09649  75.18953       141.81
 329.93148  75.20461        60.24
 336.49787  75.21323       -13.66
 321.98684  75.26241        95.75
 318.82623  75.29464        13.63
 331.74402  75.32045         7.63
 326.88888  75.33766       128.68
 333.57623  75.42457       -26.82
 323.77192  75.43164       128.29
 328.70773  75.47444        88.82
 320.59486  75.48507        61.56
 317.37357  75.49677       -16.24
 335.42588  75.51677       -25.60
 325.58806  75.58971       134.53
 337.29050  75.59684        21.01
 330.55126  75.59957        34.79
 322.39886  75.66465       104.60
 319.15584  75.69788        28.00
 332.41742  75.71280       -13.57
 327.43381  75.73630       110.53
 334.30391  75.81386       -34.83
 324.23714  75.83300       128.08
 329.30741  75.87110        62.24
 320.97668  75.88811        74.23
 317.66967  75.90038        -1.81
 336.20824  75.90255       -12.43
 326.10835  75.98977       122.75
 331.20683  75.99380         5.92
 322.83517  76.06708       110.53
 316.13650  76.09209       -26.46
 319.50498  76.10157        41.54
 333.12978  76.10413       -36.03
 328.01081  76.13460        87.01
 335.07371  76.20184       -41.73
 324.73010  76.23437       123.70
 329.94256  76.26717        30.78
 337.03580  76.28668         3.40
 321.38144  76.29147        84.34
 317.98360  76.30453        10.69
 331.90132  76.38717       -26.07
 326.65993  76.38963       105.58
 323.29804  76.46965       112.80
 333.88450  76.49430       -59.21
 316.41268  76.49651       -15.38
 319.87547  76.50568        52.83
 328.62276  76.53246        58.08
 335.88924  76.58830       -47.34
 325.25338  76.63569       114.47
 330.61638  76.66254        -4.77
 321.81131  76.69509        90.94
 318.31705  76.70922        20.19
 332.63820  76.77952       -59.89
 327.24571  76.78920        83.22
 323.78996  76.87231       111.04
 334.68533  76.88311       -81.94
 316.70630  76.90157        -8.41
 320.26936  76.91020        60.77
 329.27290  76.92978        24.84
 336.75450  76.97304       -51.21
 325.80984  77.03689       100.81
 331.33243  77.05705       -42.67
 322.26872  77.09896        94.43
 318.67193  77.11444        26.80
 333.42137  77.17068       -93.73
 327.86896  77.18839        56.93
 335.53643  77.27036      -102.91
 324.31378  77.27500       105.99
 317.01910  77.30726        -4.85
 320.68899  77.31509        66.36
 329.96488  77.32641       -10.84
 337.67393  77.35580       -53.00
 326.40275  77.43786        84.05
 332.09472  77.45055       -80.90
 322.75643  77.50300        95.96
 319.05041  77.52016        31.55
 334.25516  77.56045      -125.91
 328.53334  77.58708        28.45
 336.44245  77.65580      -121.23
 324.87272  77.67765        99.03
 317.35306  77.71359        -2.69
 321.13697  77.72031        71.36
 330.70275  77.72221       -47.11
 327.03578  77.83852        65.67
 332.90771  77.84284      -117.89
 323.27755  77.90716        97.03
 319.45497  77.92636        36.84
 335.14440  77.94860      -155.52
 329.24299  77.98512        -0.87
 337.40856  78.03916      -136.80
 325.47040  78.08015        91.30
 331.49114  78.11699       -82.98
 317.71044  78.12053         0.63
 321.61631  78.12582        77.41
 333.77644  78.23370      -153.24
 327.71309  78.23872        46.30
 323.83566  78.31137        98.46
 319.88842  78.33300        44.49
 336.09454  78.33486      -182.78
 330.00260  78.38236       -30.96
 338.44055  78.42013      -150.31
 326.11097  78.48241        82.66
 332.33522  78.51056      -118.99
 318.09383  78.52807         6.95
 322.13043  78.53156        85.05
 334.70658  78.62289      -187.95
 328.43943  78.63833        24.89
 324.43483  78.71554        99.30
 337.11166  78.71893      -208.91
 320.35400  78.74005        54.73
 330.81750  78.77860       -63.57
 326.79917  78.88429        70.84
 333.24089  78.90268      -157.26
 318.50620  78.93617        16.24
 322.68328  78.93744        92.58
 335.70451  79.01010      -224.12
 329.22019  79.03718        -1.73
 338.20259  79.10045      -235.58
 325.07971  79.11954        96.10
 320.85544  79.14744        65.22
 331.69374  79.17362      -102.23
 327.54042  79.28564        51.21
 334.21480  79.29306      -201.03
 323.27939  79.34340        95.46
 336.77747  79.39500      -264.23
 330.06156  79.43506       -38.57
 339.37503  79.47901      -264.23
 325.77571  79.52327        82.81
 321.39706  79.55511        70.46
 332.63824  79.56717      -151.46
 328.34099  79.68629        17.22
 323.92401  79.74931        86.33
 325.30684  67.24633      -154.60
 324.44580  67.52113      -112.51
 325.61790  67.64303      -105.68
 324.74629  67.91816       -62.96
 325.94004  68.03965       -63.10
 327.14205  68.15437       -82.03
 323.85042  68.18731       -34.98
 325.05764  68.31516       -19.27
 326.27390  68.43617       -26.46
 324.15022  68.58463         6.41
 328.73163  68.65721       -91.65
 325.38048  68.71211        18.45
 329.97202  68.75703      -127.45
 326.62016  68.83257         5.07
 323.21729  68.84783         8.71
 331.21932  68.84956      -152.51
 327.86873  68.94589       -28.19
 324.46125  68.98197        42.65
 333.73202  69.01237      -177.78
 329.12564  69.05194       -69.80
 322.25839  69.10451       -11.54
 325.71551  69.10901        50.64
 330.39029  69.15062      -107.82
 326.97956  69.22884        32.43
 331.66203  69.24182      -135.47
 323.51568  69.24548        42.15
 332.94016  69.32544      -155.92
 328.25283  69.34133        -4.21
 324.78420  69.37930        74.06
 334.22396  69.40137      -184.03
 329.53474  69.44635       -47.22
 322.54329  69.50241        18.91
 326.06345  69.50583        78.05
 330.82462  69.54380       -86.31
 327.35288  69.62495        56.30
 332.12178  69.63356      -117.16
 323.82567  69.64319        72.51
 333.42546  69.71553      -148.00
 328.65189  69.73652        17.97
 325.11979  69.77662       101.26
 334.73488  69.78961      -194.31
 329.95983  69.84041       -25.43
 336.04920  69.85571      -273.76
 322.83942  69.90042        48.77
 326.42509  69.90256       101.29
 331.27598  69.93652       -65.56
 327.74100  70.02087        76.71
 324.14799  70.04095       100.22
 329.06683  70.13142        37.19
 325.46881  70.17392       124.70
 335.26589  70.17702      -211.54
 330.40190  70.23408        -7.09
 323.14750  70.29855        78.05
 326.80131  70.29918       120.44
 328.14482  70.41659        92.86
 324.48341  70.43875       125.36
 329.49865  70.52601        51.44
 325.83212  70.57116       144.32
 327.19301  70.69565       134.88
 323.46829  70.69678       106.23
 328.56536  70.81205       103.27
 324.83278  70.83657       147.45
 329.94840  70.92023        58.01
 326.21065  70.96834       159.40
 331.34128  71.02006         6.94
 327.60122  71.09194       143.45
 323.80264  71.09510       132.20
 329.00371  71.20722       106.19
 325.19702  71.23438       165.42
 330.41727  71.31405        55.35
 322.74116  71.34648       103.06
 326.60540  71.36541       168.81
 328.02702  71.48802       144.90
 324.15146  71.49349       154.35
 329.46103  71.60207        99.73
 325.57715  71.63217       177.93
 323.07335  71.74537       129.30
 327.01747  71.76235       171.44
 328.47160  71.88385       137.87
 324.51573  71.89193       171.03
 329.93861  71.99653        84.86
 325.97424  72.02991       183.85
 323.42050  72.14438       149.79
 327.44805  72.15912       166.70
 332.90714  72.19476       -41.81
 328.93625  72.27939       122.64
 324.89654  72.29040       181.08
 322.29087  72.38921       117.22
 330.43784  72.39054        63.19
 326.38949  72.42756       182.71
 331.95170  72.49243        -2.13
 323.78368  72.54350       163.48
 327.89844  72.55567       153.86
 329.42239  72.67456       101.55
 325.29508  72.68886       184.23
 330.96023  72.78405        37.59
 326.82420  72.82509       174.89
 324.16405  72.94271       170.41
 328.37005  72.95197       135.35
 329.93154  73.06933        77.12
 325.71263  73.08729       181.17
 331.50744  73.17698        11.65
 327.27979  73.22244       160.45
 328.86445  73.34795       113.68
 330.46540  73.46361        52.22
 327.75783  73.61958       142.83
 329.38334  73.74354        91.02
 331.02579  73.85732        29.33
 332.68371  73.96074       -27.89
 328.26004  74.01644       123.65
 329.92858  74.13867        68.93
 331.61474  74.25039        10.00
 333.31689  74.35137       -37.37
 328.78829  74.41295       103.71
 335.03324  74.44145       -59.97
 330.50222  74.53327        48.00
 332.23447  74.64269        -5.36
 333.98321  74.74101       -39.45
 335.74645  74.82804       -41.38
 337.52207  74.90361        -5.66
 331.10654  74.92723        27.87
 332.88740  75.03413       -17.30
 334.68525  75.12953       -35.06
 315.96282  62.31418      -433.11
 315.14048  62.55148      -385.23
 316.09111  62.70828      -424.41
 315.25881  62.94481      -366.14
 316.22294  63.10249      -393.66
 317.19380  63.25548      -418.92
 315.38044  63.33827      -328.77
 316.35848  63.49682      -348.05
 317.34355  63.65057      -370.90
 316.49791  63.89129      -295.47
 317.49764  64.04578      -318.80
 316.64142  64.28591      -243.40
 317.65628  64.44113      -269.53
 315.76673  64.51962      -181.28
 318.67871  64.59123      -310.05
 316.78921  64.68069      -197.96
 317.81970  64.83662      -228.10
 315.90323  64.91376      -142.49
 318.85809  64.98730      -271.01
 316.94149  65.07565      -163.24
 317.98814  65.23226      -197.16
 316.04392  65.30811      -116.01
 319.04304  65.38350      -240.59
 317.09850  65.47079      -141.01
 318.16186  65.62807      -177.01
 321.17687  65.66950      -324.51
 316.18901  65.70268      -103.05
 319.23384  65.77985      -217.96
 317.26048  65.86614      -130.93
 320.31425  65.92602      -255.57
 318.34114  66.02406      -166.09
 321.40288  66.06650      -282.07
 316.33874  66.09748      -102.84
 319.43079  66.17634      -200.89
 317.42770  66.26169      -131.02
 320.52926  66.32288      -227.34
 323.60385  66.32994      -287.89
 318.52626  66.42023      -161.70
 324.71564  66.45271      -271.00
 321.63631  66.46358      -240.04
 316.49336  66.49253      -113.20
 319.63423  66.57299      -186.67
 317.60042  66.65747      -138.35
 320.75142  66.71986      -199.30
 323.87511  66.72702      -225.98
 318.71754  66.81660      -160.81
 325.00627  66.84955      -209.81
 321.87756  66.86074      -197.37
 319.84451  66.96981      -172.83
 323.01239  66.99552      -184.19
 317.77897  67.05348      -149.69
 320.98111  67.11697      -170.06
 324.15560  67.12408      -167.19
 318.91533  67.21317      -160.67
 322.12706  67.25799      -153.91
 320.06201  67.36679      -157.67
 323.28207  67.39275      -131.42
 317.96364  67.44974      -162.02
 321.21875  67.51422      -139.23
 319.11999  67.60996      -159.18
 322.38526  67.65533      -110.39
 320.28713  67.76395      -140.34
 323.56123  67.79002       -81.23
 321.46480  67.91159      -107.21
 319.33191  68.00696      -154.93
 322.65268  68.05275       -68.04
 320.52032  68.16129      -120.68
 321.71973  68.30910       -74.80
 322.92983  68.45025       -28.08
 320.76203  68.55881       -98.84
 321.98408  68.70674       -42.78
 312.99628  61.05139        13.48
 315.59769  61.13238      -283.90
 316.50352  61.28138      -347.30
 314.80384  61.37215      -280.81
 313.08158  61.44229       -98.15
 315.71626  61.52624      -364.62
 313.99434  61.60585      -241.34
 312.25049  61.66436       -38.73
 316.63435  61.67606      -420.17
 314.91313  61.76517      -345.62
 317.55806  61.82154      -467.75
 313.16909  61.83330      -181.75
 315.83792  61.92017      -414.23
 314.09404  61.99796      -297.64
 312.32804  62.05430      -123.60
 316.76863  62.07080      -460.95
 315.02530  62.15827      -379.82
 313.25889  62.22442      -235.87
 311.47116  62.26865       -87.45
 314.19639  62.39017      -324.39
 312.40764  62.44437      -179.21
 313.35110  62.61568      -261.55
 314.30151  62.78251      -324.38
 311.54025  62.65760      -144.52
 312.48938  62.83459      -207.19
 310.65674  62.86393      -140.71
 313.44583  63.00708      -262.18
 311.61121  63.04672      -174.26
 314.40953  63.17500      -302.55
 312.57337  63.22499      -211.34
 310.71660  63.25186      -167.66
 313.54318  63.39866      -243.09
 311.68414  63.43603      -180.90
 314.52059  63.56765      -265.44
 312.65972  63.61557      -197.21
 310.77814  63.64001      -171.82
 315.50552  63.73189      -280.54
 313.64330  63.79041      -210.86
 311.75913  63.82555      -170.19
 314.63483  63.96047      -220.38
 312.74853  64.00636      -171.38
 310.84143  64.02837      -159.24
 315.63423  64.12566      -229.08
 313.74631  64.18236      -172.60
 311.83627  64.21529      -148.70
 314.75240  64.35348      -174.57
 312.83993  64.39737      -140.69
 310.90654  64.41698      -136.55
 313.85235  64.57453      -135.06
 311.91567  64.60527      -123.10
 314.87348  64.74669      -134.28
 312.93403  64.78861      -111.49
 310.97358  64.80585      -110.35
 313.96158  64.96693      -103.93
 311.99745  64.99550       -99.44
 314.99824  65.14013      -104.19
 313.03099  65.18011       -89.04
 311.04264  65.19499       -86.51
 314.07415  65.35957       -83.37
 312.08172  65.38601       -82.64
 310.06969  65.38687       -51.76
 315.12686  65.53379       -87.03
 313.13094  65.57187       -77.05
 311.11381  65.58443       -69.71
 314.19024  65.75247       -75.66
 310.12737  65.77513       -27.18
 312.16861  65.77681       -76.08
 315.25955  65.92771       -83.58
 309.12255  65.95791        73.12
 313.23404  65.96392       -77.48
 311.18722  65.97417       -63.17
 314.31004  66.14564       -81.30
 312.25826  66.16792       -81.50
 315.39652  66.32188       -92.86
 313.34045  66.35627       -90.62
 311.26297  66.36425       -68.48
 314.43373  66.53911       -99.16
 312.35082  66.55935       -99.00
 315.53800  66.71633      -112.59
 313.45036  66.74893      -115.20
 311.34119  66.75466       -85.66
 316.65312  66.88783      -131.11
 314.56154  66.93288      -126.87
 310.31172  66.94197       -23.26
 312.44643  66.95112      -127.19
 315.68423  67.11108      -139.65
 313.56395  67.14193      -148.73
 311.42202  67.14544      -113.32
 316.81833  67.28340      -153.17
 314.69368  67.32697      -161.20
 310.37728  67.33165       -45.84
 312.54528  67.34325      -163.52
 315.83550  67.50612      -170.49
 313.68143  67.53528      -187.84
 311.50561  67.53660      -148.89
 316.98927  67.67925      -176.08
 314.83040  67.72140      -198.40
 310.44509  67.72174       -77.42
 312.64754  67.73575      -204.50
 318.15481  67.84624      -172.79
 315.99206  67.90148      -201.49
 311.59209  67.92815      -188.94
 313.80302  67.92899      -228.63
 317.16627  68.07539      -196.81
 310.51527  68.11223      -114.81
 314.97197  68.11617      -234.57
 312.75340  68.12865      -246.15
 318.35283  68.24301      -179.96
 316.15425  68.29716      -229.18
 311.68165  68.32012      -229.57
 313.92895  68.32308      -266.99
 319.55151  68.40419      -147.03
 310.58795  68.50317      -154.36
 310.66330  68.89455      -192.38
 317.34970  68.47183      -212.69
 315.11866  68.51131      -265.91
 312.86308  68.52195      -284.35
 318.55811  68.64004      -181.90
 316.32237  68.69319      -250.41
 311.77446  68.71252      -266.79
 314.05949  68.71756      -298.99
 319.77924  68.80165      -134.89
 317.53993  68.86859      -221.50
 315.27077  68.90682      -289.03
 312.97679  68.91567      -315.23
 321.01278  68.95652       -74.95
 318.77109  69.03735      -177.32
 316.49680  69.08957      -262.59
 311.87072  69.10537      -297.01
 314.19489  69.11245      -321.26
 320.01560  69.19934      -118.01
 317.73737  69.26566      -221.50
 310.74147  69.28641      -225.55
 315.42865  69.30272      -301.27
 313.09480  69.30983      -335.67
 321.27312  69.35441       -48.98
 318.99223  69.43495      -165.33
 316.67791  69.48631      -263.88
 311.97063  69.49869      -317.45
 314.33548  69.50777      -331.38
 320.26111  69.59727       -96.07
 317.94246  69.66306      -211.68
 310.82262  69.67875      -251.39
 315.59264  69.69902      -301.03
 313.21735  69.70445      -343.68
 321.54364  69.75248       -20.84
 319.22205  69.83282      -145.55
 316.86612  69.88342      -253.50
 312.07442  69.89249      -326.56
 314.48156  69.90352      -328.23
 320.51635  69.99543       -69.09
 318.15570  70.06080      -191.96
 310.90695  70.07161      -268.55
 315.76313  70.09573      -288.06
 313.34473  70.09954      -338.71
 321.82498  70.15073         9.39
 319.46108  70.23099      -118.40
 309.71528  70.24154      -162.01
 317.06189  70.28091      -231.94
 312.18235  70.28679      -324.20
 314.63348  70.29973      -312.23
 320.78193  70.39383       -37.68
 318.37760  70.45887      -163.39
 310.99466  70.46499      -276.93
 315.94054  70.49287      -263.57
 313.47727  70.49511      -321.78
 322.11783  70.54915        41.08
 319.70994  70.62945       -85.24
 309.78206  70.63386      -192.48
 317.26570  70.67879      -201.04
 312.29467  70.68160      -311.73
 314.79163  70.69640      -285.34
 321.05854  70.79246        -3.28
 318.60872  70.85729      -128.19
 311.08598  70.85891      -277.69
 316.12531  70.89045      -230.25
 313.61528  70.89119      -295.39
 322.42295  70.94774        72.94
 309.85160  71.02675      -217.97
 319.96926  71.02820       -48.38
 312.41167  71.07696      -291.69
 317.47810  71.07707      -163.89
 314.95643  71.09355      -250.86
 321.34690  71.19133        31.95
 311.18113  71.25340      -272.84
 318.84970  71.25607       -89.52
 313.75914  71.28779      -263.08
 316.31796  71.28847      -191.81
 309.92408  71.42022      -239.32
 320.23975  71.42725       -10.83
 312.53369  71.47286      -267.37
 317.69965  71.47575      -124.30
 315.12831  71.49119      -212.85
 321.64781  71.59041        65.36
 311.28039  71.64847      -264.78
 319.10119  71.65519       -51.03
 313.90926  71.68491      -228.81
 316.51901  71.68694      -152.46
 309.99971  71.81430      -257.44
 320.52219  71.82658        24.24
 312.66105  71.86934      -242.10
 317.93100  71.87484       -86.22
 315.30777  71.88933      -175.48
 308.69225  71.97005      -248.61
 321.96215  71.98971        94.40
 311.38403  72.04414      -255.70
 319.36394  72.05466       -16.09
 314.06607  72.08259      -196.24
 316.72905  72.08588      -116.05
 310.07871  72.20901      -272.90
 320.81741  72.22619        54.16
 312.79414  72.26640      -218.61
 318.17283  72.27435       -52.90
 315.49536  72.28799      -142.16
 308.74572  72.36363      -296.81
 311.49238  72.44043      -247.00
 319.63875  72.45449        12.83
 314.23004  72.48082      -168.02
 316.94874  72.48529       -85.40
 321.12634  72.62608        77.37
 312.93337  72.66406      -198.48
 318.42592  72.67427       -26.32
 315.69165  72.68717      -114.98
 319.92651  72.85466        34.70
 317.17877  72.88518       -61.75
 307.38588  72.50769      -329.42
 310.16132  72.60436      -285.53
 308.80166  72.75787      -336.97
 311.60577  72.83735      -239.00
 314.40171  72.87963      -145.32
 307.41425  72.90064      -401.61
 310.24780  73.00038      -294.28
 306.00012  73.03236      -476.54
 313.07921  73.06234      -181.90
 318.69110  73.07460        -6.76
 315.89731  73.08689       -94.36
 308.86023  73.15280      -366.75
 311.72458  73.23493      -230.89
 320.22819  73.25517        50.06
 314.58166  73.27903      -127.77
 317.41994  73.28555       -44.64
 307.44397  73.29428      -455.24
 310.33846  73.39708      -297.41
 306.00012  73.42452      -554.48
 313.23215  73.46125      -167.79
 318.96928  73.47535         7.01
 316.11304  73.48715       -79.20
 308.92165  73.54843      -383.61
 311.84924  73.63319      -221.06
 314.77053  73.67902      -113.80
 317.67310  73.68641       -32.26
 304.52487  73.68865      -695.34
 307.47514  73.68865      -487.23
 310.43361  73.79449      -292.95
 306.00012  73.81741      -601.32
 313.39274  73.86081      -154.35
 319.26149  73.87651        17.27
 316.33963  73.88796       -67.35
 308.98613  73.94480      -385.41
 311.98020  74.03213      -207.69
 314.96902  74.07963      -101.23
 304.49213  74.08377      -740.37
 307.50787  74.08377      -495.48
 317.93920  74.08774       -22.10
 310.53362  74.19262      -279.31
 306.00013  74.21105      -615.24
 313.56161  74.26103      -139.68
 316.57795  74.28932       -56.40
 309.05393  74.34192      -371.02
 312.11797  74.43178      -189.47
 304.45770  74.47965      -742.37
 307.54230  74.47965      -479.51
 315.17791  74.48085       -88.12
 318.21929  74.48957       -11.82
 310.63886  74.59150      -255.97
 306.00013  74.60546      -596.56
 313.73943  74.66193      -122.59
 316.82898  74.69124       -44.52
 309.12531  74.73981      -340.86
 312.26312  74.83216      -166.17
 307.57856  74.87632      -440.86
 304.42144  74.87632      -703.83
 315.39808  74.88270       -73.40
 310.74980  74.99115      -223.87
 306.00013  75.00067      -548.10
 313.92696  75.06352      -103.04
 317.09379  75.09373       -30.96
 302.79943  75.13849      -785.57
 309.20058  75.13849      -297.22
 312.41628  75.23329      -138.97
 304.38320  75.27380      -630.31
 307.61681  75.27380      -383.27
 315.63049  75.28519       -57.25
 310.86692  75.39158      -185.54
 306.00014  75.39670      -475.17
 314.12505  75.46581       -82.27
 302.71993  75.53800      -684.58
 309.28007  75.53800      -244.12
 312.57815  75.63517      -110.29
 307.65722  75.67213      -312.42
 304.34279  75.67213      -530.15
 315.87623  75.68832       -40.98
 310.99076  75.79282      -144.73
 301.00924  75.79282      -707.76
 306.00014  75.79358      -385.22
 314.33464  75.86882       -62.43
 302.63583  75.93835      -558.26
 309.36417  75.93835      -186.82
 312.74953  76.03783       -83.26
 307.69998  76.07132      -235.24
 304.30002  76.07132      -413.72
 292.49503  76.10157      -936.54
 306.00014  76.19133      -286.98
 311.12195  76.19489      -105.72
 300.87805  76.19489      -561.89
 314.55679  76.27255       -45.91
 309.45330  76.33956      -130.95
 302.54670  76.33956      -419.84
 312.93130  76.44128       -60.89
 299.06870  76.44128      -552.39
 307.74533  76.47139      -158.95
 304.25468  76.47139      -292.24
 295.58732  76.49651      -685.66
 292.12454  76.50568      -804.78
 306.00015  76.58997      -189.39
 311.26118  76.59780       -72.39
 300.73882  76.59780      -411.39
 297.20731  76.67701      -544.88
 293.68296  76.70922      -684.41
 309.54794  76.74165       -81.55
 302.45206  76.74165      -282.56
 313.12447  76.84553       -45.23
 298.87553  76.84553      -403.15
 304.20651  76.87238      -176.45
 307.79349  76.87238       -90.02
 295.29371  76.90157      -550.38
 291.73064  76.91020      -679.03
 306.00015  76.98953      -100.44
 300.59077  77.00158      -270.56
 311.40924  77.00158       -47.38
 296.95629  77.08220      -409.84
 289.73128  77.09896      -654.85
 309.64864  77.14466       -42.23
 302.35137  77.14466      -158.18
 298.66983  77.25060      -272.71
 304.15524  77.27430       -75.29
 307.84476  77.27430       -33.27
 294.98091  77.30726      -438.11
 306.00015  77.39003       -26.28
 300.43300  77.40624      -150.82
 296.68863  77.48813      -301.15
 302.24400  77.54860       -55.62
 298.45031  77.65650      -170.47
 304.10055  77.67719         4.95
 294.64694  77.71359      -355.24
 300.26450  77.81180       -59.55
 296.40258  77.89481      -224.50
 292.54503  77.92636      -413.61
 294.28956  78.12053      -301.16
 315.48209  60.73857      -174.38
 316.37599  60.88673      -243.87
 313.89717  61.21385      -155.22
 317.70520  62.21699      -504.51
 316.90652  62.46561      -471.11
 317.04819  62.86050      -454.92
 318.33556  63.79944      -406.36
 319.33438  63.94335      -457.88
 318.50461  64.19528      -356.42
 309.95943  64.61124      -119.11
 319.90422  65.13265      -321.07
 308.09954  66.13254       258.28
 322.75169  66.59832      -238.26
 326.79796  67.75834      -114.08
 328.35185  68.26221      -112.63
 309.41730  68.28775        42.45
 329.56892  68.36306      -143.49
 330.79270  68.45681      -164.40
 332.47288  68.93470      -165.35
 307.21813  69.77489       406.04
 307.26125  70.55272       188.23
 337.79050  71.00804      -397.02
 332.74310  71.11141       -47.88
 308.59204  71.18482      -135.18
 334.15287  71.19417      -111.46
 307.30796  71.33284       -36.76
 331.84099  71.41226        -1.01
 308.64108  71.57713      -194.28
 334.71486  71.58239      -132.47
 330.90651  71.70739        43.22
 333.82779  71.89132       -83.86
 335.30135  71.96968      -156.23
 331.41749  72.10021        23.03
 307.35876  72.11543      -242.22
 306.00012  72.64090      -370.88
 332.51076  72.88397       -28.00
 333.71063  73.66467       -64.08
 335.35185  73.74974       -98.22
 334.35546  74.05361       -67.73
 336.76184  74.52045       -50.43
 338.50064  74.58824        -8.68
 297.44322  76.27255      -694.96
 294.01641  76.30453      -817.92
 294.16354  80.34989      -222.32
 296.36937  80.52143      -168.15
 333.02599  80.62027      -268.12
 298.66042  80.67721      -136.44
 345.03845  80.82981      -373.88
 338.96155  80.82981      -486.56
 343.58581  81.20533      -548.51
 345.29328  81.49979      -605.12
 330.28066  81.53088      -423.81
 303.24758  81.76491      -449.70
 308.75243  81.76491      -483.35
 306.00023  81.86597      -521.33
 317.52875  82.17625      -684.82
 328.01804  82.81098     -1262.92
 321.66551  82.82449     -1231.06
 322.58420  83.23728     -1703.64
