 314.79269  76.67701        96.01
 315.04371  77.08220       100.62
 313.33017  77.25060        95.65
 311.56701  77.40624        81.75
 315.31138  77.48813       105.25
 309.75601  77.54860        59.32
 313.54970  77.65650       105.77
 307.89946  77.67719        29.77
 306.00016  77.79151        -4.89
 311.73551  77.81180        97.92
 315.59743  77.89481       110.15
 302.12926  77.95350       -86.95
 309.87075  77.95350        81.15
 298.21548  78.06323      -178.85
 313.78452  78.06323       112.59
 304.04206  78.08106       -26.40
 307.95794  78.08106        56.02
 290.38370  78.12582      -389.38
 306.00016  78.19398        23.80
 311.91589  78.21828       106.39
 300.08411  78.21828      -115.19
 315.90388  78.30222       114.25
 296.09613  78.30222      -218.69
 288.16434  78.31137      -437.52
 292.11158  78.33300      -329.15
 309.99367  78.35937        90.60
 302.00633  78.35937       -57.86
 297.96367  78.47081      -158.69
 314.03634  78.47081       115.49
 308.02063  78.48595        65.39
 303.97937  78.48595        -8.47
 293.90618  78.52807      -270.46
 306.00017  78.59749        31.87
 299.89051  78.62569      -103.61
 312.10950  78.62569       106.69
 295.76700  78.71036      -215.07
 316.23301  78.71036       115.18
 301.87430  78.76624       -55.22
 310.12571  78.76624        87.49
 314.30708  78.87925       112.00
 297.69292  78.87925      -164.18
 303.91200  78.89189       -13.93
 308.08801  78.89189        58.25
 306.00017  79.00205        20.28
 299.68214  79.03405      -117.86
 312.31787  79.03405        97.53
 295.41252  79.11923      -233.53
 316.58749  79.11923       110.38
 310.26792  79.17414        71.22
 301.73208  79.17414       -76.55
 297.40098  79.28853      -190.98
 314.59903  79.28853        99.26
 303.83937  79.29889       -40.79
 308.16063  79.29889        34.79
 318.95101  79.34480       103.09
 306.00018  79.40769        -9.84
 312.54278  79.44338        75.89
 299.45723  79.44338      -153.07
 316.97039  79.52878        95.25
 301.57843  79.58309      -118.81
 310.42157  79.58309        40.38
 335.26456  79.68138      -387.45
 314.91479  79.69866        74.10
 297.08522  79.69866      -234.90
 308.23915  79.70699        -5.28
 303.76086  79.70699       -86.98
 319.43226  79.75391        81.85
 306.00019  79.81444       -57.68
 330.97064  79.83173      -175.18
 312.78633  79.85367        39.51
 299.21368  79.85367      -204.80
 326.52905  79.92655       -24.75
 317.38531  79.93902        64.87
 333.65890  79.95893      -315.95
 321.98389  79.96297        51.30
 301.41189  79.99310      -177.34
 310.58812  79.99310        -7.06
 329.20808  80.08601      -125.42
 315.25745  80.10963        32.51
 303.67568  80.11621      -150.75
 308.32432  80.11621       -62.75
 324.62327  80.15505        -4.47
 319.95464  80.16345        42.05
 306.00019  80.22234      -122.76
 331.95563  80.22692      -253.13
 313.05096  80.26495       -14.00
 327.34699  80.32920       -89.98
 317.83647  80.34989        15.18
 322.62180  80.37094        -1.93
 310.76928  80.40419       -71.79
 301.23072  80.40419      -248.93
 330.15009  80.48456      -202.97
 315.63063  80.52143       -28.54
 303.58295  80.52659      -227.92
 308.41706  80.52659      -136.85
 325.38431  80.56046       -72.48
 320.52366  80.57334       -18.98
 306.00020  80.63141      -204.60
 313.33958  80.67721       -86.41
 328.23798  80.73100      -169.56
 318.32886  80.76134       -55.64
 323.31773  80.77886       -75.63
 310.96711  80.81639      -154.14
 301.03289  80.81639      -330.77
 331.17677  80.88162      -285.69
 316.03865  80.93403      -109.80
 303.48158  80.93814      -316.45
 308.51842  80.93814      -226.50
 326.21555  80.96534      -156.40
 321.14584  80.98348      -100.50
 306.00021  81.04168      -298.16
 298.34436  81.09046      -421.71
 313.65565  81.09046      -177.33
 329.21196  81.13167      -256.51
 318.86843  81.17333      -146.02
 324.07985  81.18660      -165.74
 300.81596  81.22971      -419.30
 311.18404  81.22971      -252.60
 316.48665  81.34740      -208.78
 327.12695  81.36947      -248.82
 321.82896  81.39376      -197.83
 314.00330  81.50468      -283.39
 319.46228  81.58575      -250.59
 324.91796  81.59395      -264.32
 316.98083  81.76149      -319.54
 322.58235  81.80402      -302.58
 320.11902  81.99852      -360.67
 322.63501  72.78890        23.80
 321.44999  73.02624        56.17
 322.99571  73.18875         7.07
 324.56289  73.34196       -30.61
 321.78947  73.42664        39.59
 326.15062  73.48565       -52.77
 323.37423  73.58875        -4.82
 320.54484  73.65602        75.05
 324.98161  73.74124       -34.16
 322.14600  73.82728        26.79
 326.61060  73.88388       -46.68
 323.77195  73.98886       -10.27
 320.87766  74.05718        61.83
 325.42177  74.14050       -29.75
 322.52093  74.22812        19.13
 319.56883  74.27808        95.10
 327.09431  74.28195       -33.28
 324.19042  74.38905        -8.70
 321.22794  74.45865        51.92
 325.88507  74.53969       -18.07
 322.91576  74.62916        17.08
 327.60363  74.67977       -14.30
 319.89256  74.68004        83.56
 324.63130  74.78929        -0.64
 329.34467  74.80904        -8.82
 321.59713  74.86040        45.88
 318.51453  74.89187       107.85
 326.37340  74.93877        -1.15
 323.33214  75.03034        20.19
 328.14067  75.07730         7.07
 320.23406  75.08237        74.15
 325.09649  75.18953        12.04
 329.93148  75.20461        10.55
 336.49787  75.21323      -209.61
 321.98684  75.26241        43.61
 318.82623  75.29464        96.97
 331.74402  75.32045        -5.30
 326.88888  75.33766        17.96
 333.57623  75.42457       -52.41
 323.77192  75.43164        27.05
 328.70773  75.47444        26.56
 320.59486  75.48507        67.20
 317.37357  75.49677       109.03
 335.42588  75.51677      -136.93
 325.58806  75.58971        26.78
 337.29050  75.59684      -257.63
 330.55126  75.59957        22.84
 322.39886  75.66465        44.37
 319.15584  75.69788        87.46
 332.41742  75.71280        -7.80
 327.43381  75.73630        35.46
 334.30391  75.81386       -75.63
 324.23714  75.83300        36.03
 329.30741  75.87110        39.38
 320.97668  75.88811        62.82
 317.66967  75.90038       100.38
 336.20824  75.90255      -183.78
 326.10835  75.98977        40.60
 331.20683  75.99380        22.75
 322.83517  76.06708        47.22
 316.13650  76.09209       102.30
 319.50498  76.10157        79.96
 333.12978  76.10413       -27.95
 328.01081  76.13460        47.36
 335.07371  76.20184      -120.18
 324.73010  76.23437        45.13
 329.94256  76.26717        40.96
 337.03580  76.28668      -253.02
 321.38144  76.29147        60.63
 317.98360  76.30453        93.09
 331.90132  76.38717         5.90
 326.65993  76.38963        50.46
 323.29804  76.46965        51.46
 333.88450  76.49430       -69.01
 316.41268  76.49651        99.23
 319.87547  76.50568        75.15
 328.62276  76.53246        49.94
 335.88924  76.58830      -187.25
 325.25338  76.63569        52.37
 330.61638  76.66254        27.59
 321.81131  76.69509        60.80
 318.31705  76.70922        88.16
 332.63820  76.77952       -30.47
 327.24571  76.78920        53.60
 323.78996  76.87231        56.07
 334.68533  76.88311      -131.83
 316.70630  76.90157        97.49
 320.26936  76.91020        72.98
 329.27290  76.92978        40.26
 336.75450  76.97304      -274.97
 325.80984  77.03689        55.85
 331.33243  77.05705        -2.96
 322.26872  77.09896        63.31
 318.67193  77.11444        86.50
 333.42137  77.17068       -86.94
 327.86896  77.18839        47.73
 335.53643  77.27036      -214.44
 324.31378  77.27500        59.86
 317.01910  77.30726        98.00
 320.68899  77.31509        74.30
 329.96488  77.32641        16.40
 337.67393  77.35580      -378.39
 326.40275  77.43786        53.75
 332.09472  77.45055       -51.27
 322.75643  77.50300        67.43
 319.05041  77.52016        87.70
 334.25516  77.56045      -161.79
 328.53334  77.58708        31.05
 336.44245  77.65580      -312.27
 324.87272  77.67765        61.23
 317.35306  77.71359       100.98
 321.13697  77.72031        78.72
 330.70275  77.72221       -22.41
 327.03578  77.83852        44.18
 332.90771  77.84284      -116.12
 323.27755  77.90716        71.58
 319.45497  77.92636        92.22
 335.14440  77.94860      -251.15
 329.24299  77.98512         2.31
 337.40856  78.03916      -418.51
 325.47040  78.08015        57.97
 331.49114  78.11699       -75.82
 317.71044  78.12053       105.19
 321.61631  78.12582        84.54
 333.77644  78.23370      -194.72
 327.71309  78.23872        25.16
 323.83566  78.31137        73.12
 319.88842  78.33300        98.20
 336.09454  78.33486      -349.34
 330.00260  78.38236       -39.22
 338.44055  78.42013      -524.86
 326.11097  78.48241        47.27
 332.33522  78.51056      -142.36
 318.09383  78.52807       109.56
 322.13043  78.53156        88.64
 334.70658  78.62289      -282.80
 328.43943  78.63833        -5.29
 324.43483  78.71554        68.35
 337.11166  78.71893      -449.32
 320.35400  78.74005       102.17
 330.81750  78.77860       -93.61
 326.79917  78.88429        25.90
 333.24089  78.90268      -219.38
 318.50620  78.93617       110.50
 322.68328  78.93744        86.63
 335.70451  79.01010      -374.84
 329.22019  79.03718       -48.76
 338.20259  79.10045      -543.13
 325.07971  79.11954        52.96
 320.85544  79.14744        99.28
 331.69374  79.17362      -159.86
 327.54042  79.28564        -9.14
 334.21480  79.29306      -302.92
 323.27939  79.34340        73.37
 336.77747  79.39500      -464.13
 330.06156  79.43506      -105.80
 339.37503  79.47901      -622.29
 325.77571  79.52327        22.84
 321.39706  79.55511        84.00
 332.63824  79.56717      -235.47
 328.34099  79.68629       -59.69
 323.92401  79.74931        44.06
 325.30684  67.24633      -755.72
 324.44580  67.52113      -611.58
 325.61790  67.64303      -697.09
 324.74629  67.91816      -550.20
 325.94004  68.03965      -630.31
 327.14205  68.15437      -684.94
 323.85042  68.18731      -394.82
 325.05764  68.31516      -485.34
 326.27390  68.43617      -558.02
 324.15022  68.58463      -336.39
 328.73163  68.65721      -622.99
 325.38048  68.71211      -419.47
 329.97202  68.75703      -619.79
 326.62016  68.83257      -483.50
 323.21729  68.84783      -196.97
 331.21932  68.84956      -607.98
 327.86873  68.94589      -521.92
 324.46125  68.98197      -280.67
 333.73202  69.01237      -607.15
 329.12564  69.05194      -535.85
 322.25839  69.10451       -79.34
 325.71551  69.10901      -355.30
 330.39029  69.15062      -534.35
 326.97956  69.22884      -410.40
 331.66203  69.24182      -529.27
 323.51568  69.24548      -153.32
 332.94016  69.32544      -534.16
 328.25283  69.34133      -441.96
 324.78420  69.37930      -229.72
 334.22396  69.40137      -563.01
 329.53474  69.44635      -454.07
 322.54329  69.50241       -47.43
 326.06345  69.50583      -295.54
 330.82462  69.54380      -457.89
 327.35288  69.62495      -342.33
 332.12178  69.63356      -461.97
 323.82567  69.64319      -116.44
 333.42546  69.71553      -484.73
 328.65189  69.73652      -369.00
 325.11979  69.77662      -185.39
 334.73488  69.78961      -531.46
 329.95983  69.84041      -382.31
 336.04920  69.85571      -598.17
 322.83942  69.90042       -23.16
 326.42509  69.90256      -242.62
 331.27598  69.93652      -391.32
 327.74100  70.02087      -282.38
 324.14799  70.04095       -87.46
 329.06683  70.13142      -306.52
 325.46881  70.17392      -149.05
 335.26589  70.17702      -511.43
 330.40190  70.23408      -322.77
 323.14750  70.29855        -7.24
 326.80131  70.29918      -198.43
 328.14482  70.41659      -232.82
 324.48341  70.43875       -66.96
 329.49865  70.52601      -256.74
 325.83212  70.57116      -121.49
 327.19301  70.69565      -164.02
 323.46829  70.69678         0.25
 328.56536  70.81205      -194.77
 324.83278  70.83657       -54.88
 329.94840  70.92023      -218.96
 326.21065  70.96834      -102.73
 331.34128  71.02006      -246.06
 327.60122  71.09194      -139.50
 323.80264  71.09510        -0.08
 329.00371  71.20722      -167.98
 325.19702  71.23438       -50.41
 330.41727  71.31405      -193.76
 322.74116  71.34648        43.55
 326.60540  71.36541       -91.96
 328.02702  71.48802      -123.93
 324.15146  71.49349        -6.85
 329.46103  71.60207      -150.10
 325.57715  71.63217       -52.01
 323.07335  71.74537        29.78
 327.01747  71.76235       -87.52
 328.47160  71.88385      -114.95
 324.51573  71.89193       -18.04
 329.93861  71.99653      -140.09
 325.97424  72.02991       -57.45
 323.42050  72.14438        12.71
 327.44805  72.15912       -87.03
 332.90714  72.19476      -219.82
 328.93625  72.27939      -109.84
 324.89654  72.29040       -31.04
 322.29087  72.38921        43.03
 330.43784  72.39054      -134.80
 326.38949  72.42756       -64.03
 331.95170  72.49243      -170.53
 323.78368  72.54350        -4.91
 327.89844  72.55567       -87.02
 329.42239  72.67456      -106.15
 325.29508  72.68886       -42.99
 330.96023  72.78405      -131.06
 326.82420  72.82509       -68.77
 324.16405  72.94271       -20.22
 328.37005  72.95197       -85.03
 329.93154  73.06933      -101.05
 325.71263  73.08729       -51.07
 331.50744  73.17698      -126.32
 327.27979  73.22244       -68.47
 328.86445  73.34795       -78.92
 330.46540  73.46361       -92.64
 327.75783  73.61958       -61.93
 329.38334  73.74354       -67.51
 331.02579  73.85732       -80.53
 332.68371  73.96074      -110.79
 328.26004  74.01644       -48.72
 329.92858  74.13867       -51.28
 331.61474  74.25039       -66.24
 333.31689  74.35137      -103.34
 328.78829  74.41295       -30.04
 335.03324  74.44145      -167.77
 330.50222  74.53327       -32.56
 332.23447  74.64269       -53.29
 333.98321  74.74101      -101.51
 335.74645  74.82804      -181.08
 337.52207  74.90361      -289.49
 331.10654  74.92723       -15.45
 332.88740  75.03413       -46.75
 334.68525  75.12953      -110.88
 315.96282  62.31418      -402.86
 315.14048  62.55148      -396.16
 316.09111  62.70828      -371.94
 315.25881  62.94481      -348.90
 316.22294  63.10249      -333.87
 317.19380  63.25548      -365.15
 315.38044  63.33827      -298.19
 316.35848  63.49682      -293.61
 317.34355  63.65057      -337.76
 316.49791  63.89129      -254.89
 317.49764  64.04578      -310.64
 316.64142  64.28591      -220.04
 317.65628  64.44113      -285.00
 315.76673  64.51962      -167.49
 318.67871  64.59123      -385.53
 316.78921  64.68069      -190.12
 317.81970  64.83662      -261.01
 315.90323  64.91376      -138.39
 318.85809  64.98730      -365.02
 316.94149  65.07565      -165.18
 317.98814  65.23226      -238.14
 316.04392  65.30811      -117.25
 319.04304  65.38350      -341.80
 317.09850  65.47079      -144.55
 318.16186  65.62807      -215.54
 321.17687  65.66950      -579.59
 316.18901  65.70268      -103.22
 319.23384  65.77985      -315.19
 317.26048  65.86614      -127.19
 320.31425  65.92602      -429.00
 318.34114  66.02406      -192.35
 321.40288  66.06650      -545.37
 316.33874  66.09748       -94.90
 319.43079  66.17634      -284.82
 317.42770  66.26169      -111.84
 320.52926  66.32288      -392.03
 323.60385  66.32994      -756.61
 318.52626  66.42023      -167.87
 324.71564  66.45271      -842.44
 321.63631  66.46358      -504.19
 316.49336  66.49253       -90.48
 319.63423  66.57299      -250.78
 317.60042  66.65747       -97.26
 320.75142  66.71986      -350.01
 323.87511  66.72702      -716.12
 318.71754  66.81660      -141.72
 325.00627  66.84955      -804.46
 321.87756  66.86074      -457.20
 319.84451  66.96981      -213.62
 323.01239  66.99552      -565.33
 317.77897  67.05348       -82.24
 320.98111  67.11697      -304.22
 324.15560  67.12408      -667.41
 318.91533  67.21317      -113.81
 322.12706  67.25799      -405.97
 320.06201  67.36679      -174.29
 323.28207  67.39275      -511.31
 317.96364  67.44974       -65.72
 321.21875  67.51422      -256.27
 319.11999  67.60996       -84.34
 322.38526  67.65533      -352.35
 320.28713  67.76395      -133.99
 323.56123  67.79002      -453.82
 321.46480  67.91159      -207.98
 319.33191  68.00696       -53.80
 322.65268  68.05275      -298.33
 320.52032  68.16129       -94.14
 321.71973  68.30910      -161.21
 322.92983  68.45025      -245.90
 320.76203  68.55881       -56.24
 321.98408  68.70674      -117.77
 312.99628  61.05139      -576.81
 315.59769  61.13238      -395.78
 316.50352  61.28138      -382.10
 314.80384  61.37215      -455.87
 313.08158  61.44229      -595.92
 315.71626  61.52624      -420.19
 313.99434  61.60585      -517.04
 312.25049  61.66436      -691.53
 316.63435  61.67606      -410.32
 314.91313  61.76517      -455.91
 317.55806  61.82154      -429.89
 313.16909  61.83330      -587.61
 315.83792  61.92017      -420.88
 314.09404  61.99796      -498.35
 312.32804  62.05430      -675.06
 316.76863  62.07080      -417.85
 315.02530  62.15827      -433.98
 313.25889  62.22442      -557.12
 311.47116  62.26865      -783.99
 314.19639  62.39017      -460.48
 312.40764  62.44437      -640.22
 313.35110  62.61568      -511.02
 314.30151  62.78251      -410.14
 311.54025  62.65760      -751.93
 312.48938  62.83459      -593.73
 310.65674  62.86393      -891.51
 313.44583  63.00708      -456.16
 311.61121  63.04672      -712.30
 314.40953  63.17500      -353.99
 312.57337  63.22499      -542.21
 310.71660  63.25186      -864.81
 313.54318  63.39866      -398.99
 311.68414  63.43603      -671.12
 314.52059  63.56765      -297.88
 312.65972  63.61557      -491.52
 310.77814  63.64001      -839.66
 315.50552  63.73189      -248.91
 313.64330  63.79041      -344.92
 311.75913  63.82555      -633.46
 314.63483  63.96047      -246.42
 312.74853  64.00636      -446.44
 310.84143  64.02837      -820.12
 315.63423  64.12566      -204.63
 313.74631  64.18236      -298.10
 311.83627  64.21529      -603.22
 314.75240  64.35348      -202.85
 312.83993  64.39737      -410.46
 310.90654  64.41698      -809.19
 313.85235  64.57453      -261.34
 311.91567  64.60527      -583.14
 314.87348  64.74669      -169.08
 312.93403  64.78861      -385.83
 310.97358  64.80585      -808.69
 313.96158  64.96693      -236.20
 311.99745  64.99550      -574.80
 314.99824  65.14013      -145.81
 313.03099  65.18011      -373.64
 311.04264  65.19499      -819.44
 314.07415  65.35957      -223.08
 312.08172  65.38601      -578.71
 310.06969  65.38687     -1104.48
 315.12686  65.53379      -132.75
 313.13094  65.57187      -373.89
 311.11381  65.58443      -841.22
 314.19024  65.75247      -221.35
 310.12737  65.77513     -1144.54
 312.16861  65.77681      -594.25
 315.25955  65.92771      -128.74
 309.12255  65.95791     -1467.28
 313.23404  65.96392      -385.44
 311.18722  65.97417      -872.68
 314.31004  66.14564      -229.39
 312.25826  66.16792      -619.66
 315.39652  66.32188      -131.85
 313.34045  66.35627      -406.03
 311.26297  66.36425      -911.28
 314.43373  66.53911      -244.58
 312.35082  66.55935      -651.91
 315.53800  66.71633      -139.52
 313.45036  66.74893      -432.25
 311.34119  66.75466      -953.18
 316.65312  66.88783       -87.86
 314.56154  66.93288      -263.45
 310.31172  66.94197     -1290.09
 312.44643  66.95112      -686.76
 315.68423  67.11108      -148.64
 313.56395  67.14193      -459.72
 311.42202  67.14544      -993.39
 316.81833  67.28340       -84.81
 314.69368  67.32697      -281.89
 310.37728  67.33165     -1331.92
 312.54528  67.34325      -719.02
 315.83550  67.50612      -155.84
 313.68143  67.53528      -483.38
 311.50561  67.53660     -1026.08
 316.98927  67.67925       -79.14
 314.83040  67.72140      -295.47
 310.44509  67.72174     -1360.70
 312.64754  67.73575      -742.91
 318.15481  67.84624       -46.92
 315.99206  67.90148      -157.87
 311.59209  67.92815     -1045.13
 313.80302  67.92899      -498.01
 317.16627  68.07539       -69.03
 310.51527  68.11223     -1370.36
 314.97197  68.11617      -300.05
 312.75340  68.12865      -752.82
 318.35283  68.24301       -25.47
 316.15425  68.29716      -152.00
 311.68165  68.32012     -1044.96
 313.92895  68.32308      -498.99
 319.55151  68.40419       -22.98
 310.58795  68.50317     -1355.87
 310.66330  68.89455     -1314.00
 317.34970  68.47183       -53.30
 315.11866  68.51131      -292.36
 312.86308  68.52195      -744.06
 318.55811  68.64004        -1.54
 316.32237  68.69319      -136.51
 311.77446  68.71252     -1021.38
 314.05949  68.71756      -482.91
 319.77924  68.80165         7.01
 317.53993  68.86859       -31.70
 315.27077  68.90682      -270.55
 312.97679  68.91567      -713.68
 321.01278  68.95652       -21.86
 318.77109  69.03735        24.04
 316.49680  69.08957      -111.08
 311.87072  69.10537      -972.32
 314.19489  69.11245      -448.32
 320.01560  69.19934        34.76
 317.73737  69.26566        -5.05
 310.74147  69.28641     -1244.01
 315.42865  69.30272      -234.64
 313.09480  69.30983      -661.06
 321.27312  69.35441         7.45
 318.99223  69.43495        49.79
 316.67791  69.48631       -76.89
 311.97063  69.49869      -898.44
 314.33548  69.50777      -396.00
 320.26111  69.59727        58.67
 317.94246  69.66306        24.77
 310.82262  69.67875     -1148.03
 315.59264  69.69902      -186.57
 313.21735  69.70445      -588.14
 321.54364  69.75248        30.29
 319.22205  69.83282        73.75
 316.86612  69.88342       -36.54
 312.07442  69.89249      -803.11
 314.48156  69.90352      -329.02
 320.51635  69.99543        77.11
 318.15570  70.06080        55.13
 310.90695  70.07161     -1030.99
 315.76313  70.09573      -130.01
 313.34473  70.09954      -499.34
 321.82498  70.15073        45.57
 319.46108  70.23099        93.77
 309.71528  70.24154     -1258.73
 317.06189  70.28091         6.35
 312.18235  70.28679      -692.12
 314.63348  70.29973      -252.28
 320.78193  70.39383        88.71
 318.37760  70.45887        83.04
 310.99466  70.46499      -899.92
 315.94054  70.49287       -69.72
 313.47727  70.49511      -400.84
 322.11783  70.54915        52.70
 319.70994  70.62945       107.88
 309.78206  70.63386     -1111.73
 317.26570  70.67879        47.75
 312.29467  70.68160      -572.84
 314.79163  70.69640      -171.78
 321.05854  70.79246        92.66
 318.60872  70.85729       105.71
 311.08598  70.85891      -763.10
 316.12531  70.89045       -10.85
 313.61528  70.89119      -299.76
 322.42295  70.94774        51.74
 309.85160  71.02675      -962.33
 319.96926  71.02820       114.73
 312.41167  71.07696      -453.19
 317.47810  71.07707        83.91
 314.95643  71.09355       -93.67
 321.34690  71.19133        88.85
 311.18113  71.25340      -628.86
 318.84970  71.25607       121.04
 313.75914  71.28779      -202.99
 316.31796  71.28847        41.92
 309.92408  71.42022      -818.77
 320.23975  71.42725       113.80
 312.53369  71.47286      -340.43
 317.69965  71.47575       111.97
 315.12831  71.49119       -23.36
 321.64781  71.59041        78.09
 311.28039  71.64847      -504.35
 319.10119  71.65519       127.99
 313.90926  71.68491      -116.32
 316.51901  71.68694        85.08
 309.99971  71.81430      -687.66
 320.52219  71.82658       105.65
 312.66105  71.86934      -240.29
 317.93100  71.87484       130.36
 315.30777  71.88933        35.26
 308.69225  71.97005      -877.02
 321.96215  71.98971        62.04
 311.38403  72.04414      -394.76
 319.36394  72.05466       126.74
 314.06607  72.08259       -43.64
 316.72905  72.08588       116.68
 310.07871  72.20901      -573.22
 320.81741  72.22619        91.77
 312.79414  72.26640      -156.25
 318.17283  72.27435       138.92
 315.49536  72.28799        80.15
 308.74572  72.36363      -762.45
 311.49238  72.44043      -302.78
 319.63875  72.45449       118.59
 314.23004  72.48082        13.26
 316.94874  72.48529       136.44
 321.12634  72.62608        74.41
 312.93337  72.66406       -89.44
 318.42592  72.67427       138.80
 315.69165  72.68717       111.14
 319.92651  72.85466       105.61
 317.17877  72.88518       145.47
 307.38588  72.50769      -943.81
 310.16132  72.60436      -476.98
 308.80166  72.75787      -665.67
 311.60577  72.83735      -228.56
 314.40171  72.87963        54.65
 307.41425  72.90064      -850.14
 310.24780  73.00038      -397.92
 306.00012  73.03236     -1009.45
 313.07921  73.06234       -38.91
 318.69110  73.07460       132.01
 315.89731  73.08689       129.59
 308.86023  73.15280      -584.36
 311.72458  73.23493      -170.21
 320.22819  73.25517        90.30
 314.58166  73.27903        82.34
 317.41994  73.28555       145.87
 307.44397  73.29428      -769.29
 310.33846  73.39708      -333.09
 306.00012  73.42452      -931.98
 313.23215  73.46125        -2.18
 318.96928  73.47535       120.96
 316.11304  73.48715       137.81
 308.92165  73.54843      -514.51
 311.84924  73.63319      -124.51
 314.77053  73.67902        99.05
 317.67310  73.68641       140.13
 304.52487  73.68865     -1046.14
 307.47514  73.68865      -696.26
 310.43361  73.79449      -278.50
 306.00012  73.81741      -858.22
 313.39274  73.86081        23.96
 319.26149  73.87651       108.02
 316.33963  73.88796       138.50
 308.98613  73.94480      -451.41
 311.98020  74.03213       -87.76
 314.96902  74.07963       107.73
 304.49213  74.08377      -970.81
 307.50787  74.08377      -625.79
 317.93920  74.08774       130.64
 310.53362  74.19262      -230.02
 306.00013  74.21105      -782.50
 313.56161  74.26103        42.72
 316.57795  74.28932       134.18
 309.05393  74.34192      -390.71
 312.11797  74.43178       -56.58
 304.45770  74.47965      -887.02
 307.54230  74.47965      -553.45
 315.17791  74.48085       111.03
 318.21929  74.48957       119.40
 310.63886  74.59150      -184.32
 306.00013  74.60546      -700.51
 313.73943  74.66193        56.74
 316.82898  74.69124       126.90
 309.12531  74.73981      -329.27
 312.26312  74.83216       -28.52
 307.57856  74.87632      -476.52
 304.42144  74.87632      -791.54
 315.39808  74.88270       110.97
 310.74980  74.99115      -139.35
 306.00013  75.00067      -610.15
 313.92696  75.06352        67.83
 317.09379  75.09373       118.16
 302.79943  75.13849      -834.71
 309.20058  75.13849      -265.72
 312.41628  75.23329        -2.24
 304.38320  75.27380      -684.13
 307.61681  75.27380      -394.51
 315.63049  75.28519       108.92
 310.86692  75.39158       -94.56
 306.00014  75.39670      -511.90
 314.12505  75.46581        76.97
 302.71993  75.53800      -713.49
 309.28007  75.53800      -200.54
 312.57815  75.63517        22.50
 307.65722  75.67213      -309.13
 304.34279  75.67213      -567.62
 315.87623  75.68832       105.79
 310.99076  75.79282       -50.72
 301.00924  75.79282      -701.68
 306.00014  75.79358      -408.80
 314.33464  75.86882        84.58
 302.63583  75.93835      -584.03
 309.36417  75.93835      -135.79
 312.74953  76.03783        45.27
 307.69998  76.07132      -223.87
 304.30002  76.07132      -447.45
 292.49503  76.10157      -664.67
 306.00014  76.19133      -305.77
 311.12195  76.19489        -9.46
 300.87805  76.19489      -567.13
 314.55679  76.27255        90.83
 309.45330  76.33956       -74.50
 302.54670  76.33956      -454.06
 312.93130  76.44128        65.36
 299.06870  76.44128      -529.78
 307.74533  76.47139      -143.21
 304.25468  76.47139      -330.66
 295.58732  76.49651      -556.56
 292.12454  76.50568      -587.71
 306.00015  76.58997      -208.68
 311.26118  76.59780        27.34
 300.73882  76.59780      -436.66
 297.20731  76.67701      -488.21
 293.68296  76.70922      -524.98
 309.54794  76.74165       -19.87
 302.45206  76.74165      -332.20
 313.12447  76.84553        82.21
 298.87553  76.84553      -408.51
 304.20651  76.87238      -224.63
 307.79349  76.87238       -71.71
 295.29371  76.90157      -457.60
 291.73064  76.91020      -513.01
 306.00015  76.98953      -123.31
 300.59077  77.00158      -319.68
 311.40924  77.00158        58.08
 296.95629  77.08220      -384.32
 289.73128  77.09896      -518.13
 309.64864  77.14466        25.35
 302.35137  77.14466      -226.59
 298.66983  77.25060      -305.67
 304.15524  77.27430      -135.84
 307.84476  77.27430       -13.20
 294.98091  77.30726      -376.15
 306.00015  77.39003       -54.36
 300.43300  77.40624      -224.09
 296.68863  77.48813      -302.35
 302.24400  77.54860      -143.57
 298.45031  77.65650      -227.95
 304.10055  77.67719       -68.96
 294.64694  77.71359      -317.16
 300.26450  77.81180      -155.17
 296.40258  77.89481      -247.02
 292.54503  77.92636      -346.06
 294.28956  78.12053      -281.32
 315.48209  60.73857      -344.39
 316.37599  60.88673      -329.70
 313.89717  61.21385      -510.65
 317.70520  62.21699      -448.29
 316.90652  62.46561      -409.46
 317.04819  62.86050      -390.30
 318.33556  63.79944      -420.94
 319.33438  63.94335      -528.07
 318.50461  64.19528      -404.05
 309.95943  64.61124     -1052.04
 319.90422  65.13265      -485.20
 308.09954  66.13254     -1785.46
 322.75169  66.59832      -614.13
 326.79796  67.75834      -758.79
 328.35185  68.26221      -709.95
 309.41730  68.28775     -1695.63
 329.56892  68.36306      -708.58
 330.79270  68.45681      -691.49
 332.47288  68.93470      -597.87
 307.21813  69.77489     -1950.92
 307.26125  70.55272     -1645.06
 337.79050  71.00804      -571.18
 332.74310  71.11141      -286.74
 308.59204  71.18482     -1156.24
 334.15287  71.19417      -345.16
 307.30796  71.33284     -1326.49
 331.84099  71.41226      -228.35
 308.64108  71.57713     -1009.27
 334.71486  71.58239      -345.05
 330.90651  71.70739      -179.41
 333.82779  71.89132      -278.38
 335.30135  71.96968      -350.48
 331.41749  72.10021      -172.80
 307.35876  72.11543     -1053.98
 306.00012  72.64090     -1096.49
 332.51076  72.88397      -169.57
 333.71063  73.66467      -165.67
 335.35185  73.74974      -233.48
 334.35546  74.05361      -164.33
 336.76184  74.52045      -259.03
 338.50064  74.58824      -371.00
 297.44322  76.27255      -606.21
 294.01641  76.30453      -614.31
 294.16354  80.34989      -369.48
 296.36937  80.52143      -355.19
 333.02599  80.62027      -333.08
 298.66042  80.67721      -342.96
 345.03845  80.82981      -662.19
 338.96155  80.82981      -569.44
 343.58581  81.20533      -600.90
 345.29328  81.49979      -530.81
 330.28066  81.53088      -340.84
 303.24758  81.76491      -513.72
 308.75243  81.76491      -440.68
 306.00023  81.86597      -509.54
 317.52875  82.17625      -433.27
 328.01804  82.81098      -501.70
 321.66551  82.82449      -554.93
 322.58420  83.23728      -620.20
