 314.79269  76.67701        39.80
 315.04371  77.08220        47.07
 313.33017  77.25060        42.59
 311.56701  77.40624        33.97
 315.31138  77.48813        55.35
 309.75601  77.54860        19.92
 313.54970  77.65650        56.61
 307.89946  77.67719         0.03
 306.00016  77.79151       -25.31
 311.73551  77.81180        54.82
 315.59743  77.89481        64.17
 302.12926  77.95350       -93.35
 309.87075  77.95350        47.83
 298.21548  78.06323      -172.46
 313.78452  78.06323        68.71
 304.04206  78.08106       -35.24
 307.95794  78.08106        34.01
 290.38370  78.12582      -319.83
 306.00016  78.19398        12.51
 311.91589  78.21828        70.67
 300.08411  78.21828      -112.81
 315.90388  78.30222        71.39
 296.09613  78.30222      -203.41
 288.16434  78.31137      -348.27
 292.11158  78.33300      -286.49
 309.99367  78.35937        67.26
 302.00633  78.35937       -55.12
 297.96367  78.47081      -148.38
 314.03634  78.47081        76.79
 308.02063  78.48595        55.93
 303.97937  78.48595        -4.44
 293.90618  78.52807      -245.95
 306.00017  78.59749        34.94
 299.89051  78.62569       -91.57
 312.10950  78.62569        79.22
 295.76700  78.71036      -198.75
 316.23301  78.71036        73.71
 301.87430  78.76624       -38.34
 310.12571  78.76624        75.81
 314.30708  78.87925        77.47
 297.69292  78.87925      -146.92
 303.91200  78.89189         6.69
 308.08801  78.89189        63.52
 306.00017  79.00205        40.03
 299.68214  79.03405       -93.53
 312.31787  79.03405        77.83
 295.41252  79.11923      -215.27
 316.58749  79.11923        68.35
 310.26792  79.17414        71.34
 301.73208  79.17414       -43.65
 297.40098  79.28853      -166.19
 314.59903  79.28853        68.01
 303.83937  79.29889        -2.48
 308.16063  79.29889        55.26
 318.95101  79.34480        55.46
 306.00018  79.40769        27.12
 312.54278  79.44338        63.87
 299.45723  79.44338      -116.20
 316.97039  79.52878        52.83
 301.57843  79.58309       -69.57
 310.42157  79.58309        52.65
 335.26456  79.68138      -111.70
 314.91479  79.69866        47.40
 297.08522  79.69866      -202.33
 308.23915  79.70699        31.05
 303.76086  79.70699       -30.62
 319.43226  79.75391        32.92
 306.00019  79.81444        -2.72
 330.97064  79.83173      -106.20
 312.78633  79.85367        37.36
 299.21368  79.85367      -155.15
 326.52905  79.92655       -43.02
 317.38531  79.93902        26.64
 333.65890  79.95893      -132.52
 321.98389  79.96297         4.68
 301.41189  79.99310      -111.20
 310.58812  79.99310        20.11
 329.20808  80.08601       -95.41
 315.25745  80.10963        16.30
 303.67568  80.11621       -74.19
 308.32432  80.11621        -7.20
 324.62327  80.15505       -34.90
 319.95464  80.16345         0.93
 306.00019  80.22234       -46.24
 331.95563  80.22692      -134.63
 313.05096  80.26495         0.69
 327.34699  80.32920       -82.72
 317.83647  80.34989        -7.86
 322.62180  80.37094       -32.25
 310.76928  80.40419       -22.16
 301.23072  80.40419      -161.94
 330.15009  80.48456      -125.51
 315.63063  80.52143       -21.71
 303.58295  80.52659      -125.83
 308.41706  80.52659       -54.46
 325.38431  80.56046       -72.52
 320.52366  80.57334       -35.65
 306.00020  80.63141       -97.74
 313.33958  80.67721       -41.27
 328.23798  80.73100      -111.89
 318.32886  80.76134       -44.96
 323.31773  80.77886       -67.43
 310.96711  80.81639       -67.81
 301.03289  80.81639      -213.46
 331.17677  80.88162      -132.50
 316.03865  80.93403       -59.94
 303.48158  80.93814      -177.06
 308.51842  80.93814      -102.80
 326.21555  80.96534       -98.96
 321.14584  80.98348       -68.49
 306.00021  81.04168      -147.11
 298.34436  81.09046      -296.24
 313.65565  81.09046       -80.75
 329.21196  81.13167      -117.86
 318.86843  81.17333       -75.70
 324.07985  81.18660       -89.97
 300.81596  81.22971      -255.60
 311.18404  81.22971      -108.03
 316.48665  81.34740       -88.72
 327.12695  81.36947      -101.48
 321.82896  81.39376       -86.43
 314.00330  81.50468      -107.34
 319.46228  81.58575       -88.58
 324.91796  81.59395       -87.10
 316.98083  81.76149       -96.08
 322.58235  81.80402       -76.57
 320.11902  81.99852       -70.43
 322.63501  72.78890        66.20
 321.44999  73.02624        73.08
 322.99571  73.18875        53.02
 324.56289  73.34196        23.69
 321.78947  73.42664        62.95
 326.15062  73.48565       -13.16
 323.37423  73.58875        42.15
 320.54484  73.65602        68.30
 324.98161  73.74124        14.25
 322.14600  73.82728        54.79
 326.61060  73.88388       -19.20
 323.77195  73.98886        34.78
 320.87766  74.05718        62.83
 325.42177  74.14050         9.59
 322.52093  74.22812        49.21
 319.56883  74.27808        66.74
 327.09431  74.28195       -19.39
 324.19042  74.38905        31.37
 321.22794  74.45865        58.64
 325.88507  74.53969         9.86
 322.91576  74.62916        46.32
 327.60363  74.67977       -14.34
 319.89256  74.68004        63.69
 324.63130  74.78929        31.40
 329.34467  74.80904       -40.11
 321.59713  74.86040        55.69
 318.51453  74.89187        63.98
 326.37340  74.93877        14.17
 323.33214  75.03034        45.73
 328.14067  75.07730        -5.69
 320.23406  75.08237        60.50
 325.09649  75.18953        34.31
 329.93148  75.20461       -27.09
 336.49787  75.21323       -16.23
 321.98684  75.26241        53.83
 318.82623  75.29464        61.07
 331.74402  75.32045       -44.87
 326.88888  75.33766        20.97
 333.57623  75.42457       -48.51
 323.77192  75.43164        46.66
 328.70773  75.47444         4.35
 320.59486  75.48507        57.33
 317.37357  75.49677        56.63
 335.42588  75.51677       -22.78
 325.58806  75.58971        38.96
 337.29050  75.59684        49.47
 330.55126  75.59957       -13.85
 322.39886  75.66465        52.86
 319.15584  75.69788        57.39
 332.41742  75.71280       -26.42
 327.43381  75.73630        28.37
 334.30391  75.81386       -19.90
 324.23714  75.83300        48.97
 329.30741  75.87110        13.41
 320.97668  75.88811        54.73
 317.66967  75.90038        54.09
 336.20824  75.90255        23.69
 326.10835  75.98977        44.06
 331.20683  75.99380        -2.70
 322.83517  76.06708        52.90
 316.13650  76.09209        46.49
 319.50498  76.10157        53.92
 333.12978  76.10413        -9.81
 328.01081  76.13460        34.47
 335.07371  76.20184         8.97
 324.73010  76.23437        52.10
 329.94256  76.26717        19.41
 337.03580  76.28668        74.12
 321.38144  76.29147        53.19
 317.98360  76.30453        51.52
 331.90132  76.38717         4.69
 326.65993  76.38963        48.27
 323.29804  76.46965        54.44
 333.88450  76.49430         4.23
 316.41268  76.49651        47.22
 319.87547  76.50568        52.01
 328.62276  76.53246        37.44
 335.88924  76.58830        38.46
 325.25338  76.63569        55.28
 330.61638  76.66254        20.69
 321.81131  76.69509        53.67
 318.31705  76.70922        50.47
 332.63820  76.77952         7.50
 327.24571  76.78920        50.06
 323.78996  76.87231        57.19
 334.68533  76.88311        16.06
 316.70630  76.90157        49.14
 320.26936  76.91020        52.33
 329.27290  76.92978        35.62
 336.75450  76.97304        69.93
 325.80984  77.03689        57.21
 331.33243  77.05705        16.19
 322.26872  77.09896        56.44
 318.67193  77.11444        52.17
 333.42137  77.17068         5.83
 327.86896  77.18839        47.63
 335.53643  77.27036        27.05
 324.31378  77.27500        60.02
 317.01910  77.30726        53.29
 320.68899  77.31509        55.51
 329.96488  77.32641        27.52
 337.67393  77.35580       105.56
 326.40275  77.43786        55.92
 332.09472  77.45055         5.52
 322.75643  77.50300        60.40
 319.05041  77.52016        56.28
 334.25516  77.56045         0.78
 328.53334  77.58708        39.03
 336.44245  77.65580        39.53
 324.87272  77.67765        60.70
 317.35306  77.71359        59.51
 321.13697  77.72031        60.46
 330.70275  77.72221        12.15
 327.03578  77.83852        48.88
 332.90771  77.84284       -10.71
 323.27755  77.90716        63.05
 319.45497  77.92636        61.97
 335.14440  77.94860        -5.42
 329.24299  77.98512        22.47
 337.40856  78.03916        56.74
 325.47040  78.08015        56.18
 331.49114  78.11699       -10.63
 317.71044  78.12053        65.74
 321.61631  78.12582        64.46
 333.77644  78.23370       -30.63
 327.71309  78.23872        33.57
 323.83566  78.31137        60.90
 319.88842  78.33300        66.35
 336.09454  78.33486        -9.23
 330.00260  78.38236        -2.91
 338.44055  78.42013        82.96
 326.11097  78.48241        43.27
 332.33522  78.51056       -39.38
 318.09383  78.52807        69.52
 322.13043  78.53156        63.73
 334.70658  78.62289       -50.57
 328.43943  78.63833         8.41
 324.43483  78.71554        50.34
 337.11166  78.71893        -5.54
 320.35400  78.74005        65.60
 330.81750  78.77860       -36.20
 326.79917  78.88429        19.85
 333.24089  78.90268       -70.44
 318.50620  78.93617        67.16
 322.68328  78.93744        54.48
 335.70451  79.01010       -64.72
 329.22019  79.03718       -26.16
 338.20259  79.10045        12.35
 325.07971  79.11954        28.90
 320.85544  79.14744        56.03
 331.69374  79.17362       -73.84
 327.54042  79.28564       -13.97
 334.21480  79.29306       -97.51
 323.27939  79.34340        34.24
 336.77747  79.39500       -65.19
 330.06156  79.43506       -66.67
 339.37503  79.47901        52.41
 325.77571  79.52327        -3.38
 321.39706  79.55511        35.51
 332.63824  79.56717      -109.16
 328.34099  79.68629       -54.76
 323.92401  79.74931         3.20
 325.30684  67.24633      -808.94
 324.44580  67.52113      -653.72
 325.61790  67.64303      -742.21
 324.74629  67.91816      -581.46
 325.94004  68.03965      -669.87
 327.14205  68.15437      -735.88
 323.85042  68.18731      -409.24
 325.05764  68.31516      -508.80
 326.27390  68.43617      -593.61
 324.15022  68.58463      -342.32
 328.73163  68.65721      -685.89
 325.38048  68.71211      -436.91
 329.97202  68.75703      -687.36
 326.62016  68.83257      -515.40
 323.21729  68.84783      -186.39
 331.21932  68.84956      -662.60
 327.86873  68.94589      -569.66
 324.46125  68.98197      -279.93
 333.73202  69.01237      -547.81
 329.12564  69.05194      -596.00
 322.25839  69.10451       -55.68
 325.71551  69.10901      -367.12
 330.39029  69.15062      -595.42
 326.97956  69.22884      -437.89
 331.66203  69.24182      -569.66
 323.51568  69.24548      -137.10
 332.94016  69.32544      -523.78
 328.25283  69.34133      -485.70
 324.78420  69.37930      -222.61
 334.22396  69.40137      -467.88
 329.53474  69.44635      -508.55
 322.54329  69.50241       -20.96
 326.06345  69.50583      -301.27
 330.82462  69.54380      -508.50
 327.35288  69.62495      -364.43
 332.12178  69.63356      -483.62
 323.82567  69.64319       -94.55
 333.42546  69.71553      -445.92
 328.65189  69.73652      -407.30
 325.11979  69.77662      -171.38
 334.73488  69.78961      -398.39
 329.95983  69.84041      -429.14
 336.04920  69.85571      -341.06
 322.83942  69.90042         6.72
 326.42509  69.90256      -241.78
 331.27598  69.93652      -428.69
 327.74100  70.02087      -298.82
 324.14799  70.04095       -59.02
 329.06683  70.13142      -339.14
 325.46881  70.17392      -127.76
 335.26589  70.17702      -341.02
 330.40190  70.23408      -361.42
 323.14750  70.29855        27.59
 326.80131  70.29918      -191.44
 328.14482  70.41659      -244.69
 324.48341  70.43875       -31.26
 329.49865  70.52601      -285.03
 325.83212  70.57116       -93.53
 327.19301  70.69565      -152.75
 323.46829  70.69678        41.46
 328.56536  70.81205      -204.69
 324.83278  70.83657       -12.18
 329.94840  70.92023      -245.49
 326.21065  70.96834       -70.15
 331.34128  71.02006      -273.02
 327.60122  71.09194      -127.27
 323.80264  71.09510        47.99
 329.00371  71.20722      -179.70
 325.19702  71.23438        -2.42
 330.41727  71.31405      -221.81
 322.74116  71.34648        85.63
 326.60540  71.36541       -58.20
 328.02702  71.48802      -115.00
 324.15146  71.49349        47.18
 329.46103  71.60207      -167.51
 325.57715  71.63217        -1.75
 323.07335  71.74537        78.17
 327.01747  71.76235       -56.85
 328.47160  71.88385      -113.69
 324.51573  71.89193        39.77
 329.93861  71.99653      -166.35
 325.97424  72.02991        -8.80
 323.42050  72.14438        66.34
 327.44805  72.15912       -63.82
 332.90714  72.19476      -241.90
 328.93625  72.27939      -119.68
 324.89654  72.29040        27.40
 322.29087  72.38921        80.02
 330.43784  72.39054      -171.42
 326.38949  72.42756       -21.04
 331.95170  72.49243      -213.44
 323.78368  72.54350        51.83
 327.89844  72.55567       -75.01
 329.42239  72.67456      -128.88
 325.29508  72.68886        12.55
 330.96023  72.78405      -177.40
 326.82420  72.82509       -35.13
 324.16405  72.94271        36.85
 328.37005  72.95197       -86.48
 329.93154  73.06933      -136.63
 325.71263  73.08729        -1.89
 331.50744  73.17698      -179.45
 327.27979  73.22244       -47.15
 328.86445  73.34795       -94.54
 330.46540  73.46361      -139.12
 327.75783  73.61958       -54.48
 329.38334  73.74354       -96.55
 331.02579  73.85732      -134.08
 332.68371  73.96074      -159.36
 328.26004  74.01644       -55.57
 329.92858  74.13867       -91.45
 331.61474  74.25039      -121.03
 333.31689  74.35137      -135.45
 328.78829  74.41295       -50.34
 335.03324  74.44145      -123.25
 330.50222  74.53327       -79.81
 332.23447  74.64269      -101.04
 333.98321  74.74101      -103.56
 335.74645  74.82804       -74.09
 337.52207  74.90361         1.20
 331.10654  74.92723       -63.46
 332.88740  75.03413       -76.13
 334.68525  75.12953       -65.47
 315.96282  62.31418      -503.00
 315.14048  62.55148      -449.75
 316.09111  62.70828      -489.97
 315.25881  62.94481      -420.65
 316.22294  63.10249      -475.12
 317.19380  63.25548      -545.66
 315.38044  63.33827      -391.09
 316.35848  63.49682      -457.80
 317.34355  63.65057      -541.46
 316.49791  63.89129      -436.85
 317.49764  64.04578      -530.26
 316.64142  64.28591      -410.89
 317.65628  64.44113      -510.08
 315.76673  64.51962      -294.45
 318.67871  64.59123      -615.63
 316.78921  64.68069      -378.65
 317.81970  64.83662      -479.38
 315.90323  64.91376      -257.19
 318.85809  64.98730      -586.30
 316.94149  65.07565      -339.39
 317.98814  65.23226      -437.52
 316.04392  65.30811      -216.97
 319.04304  65.38350      -542.10
 317.09850  65.47079      -293.26
 318.16186  65.62807      -385.13
 321.17687  65.66950      -739.01
 316.18901  65.70268      -174.49
 319.23384  65.77985      -484.43
 317.26048  65.86614      -241.48
 320.31425  65.92602      -584.17
 318.34114  66.02406      -324.23
 321.40288  66.06650      -679.57
 316.33874  66.09748      -131.22
 319.43079  66.17634      -416.30
 317.42770  66.26169      -186.30
 320.52926  66.32288      -512.32
 323.60385  66.32994      -847.89
 318.52626  66.42023      -258.08
 324.71564  66.45271      -917.36
 321.63631  66.46358      -608.47
 316.49336  66.49253       -89.16
 319.63423  66.57299      -341.97
 317.60042  66.65747      -130.69
 320.75142  66.71986      -434.05
 323.87511  66.72702      -789.86
 318.71754  66.81660      -190.68
 325.00627  66.84955      -868.15
 321.87756  66.86074      -530.98
 319.84451  66.96981      -266.29
 323.01239  66.99552      -629.22
 317.77897  67.05348       -77.83
 320.98111  67.11697      -354.62
 324.15560  67.12408      -724.00
 318.91533  67.21317      -126.11
 322.12706  67.25799      -452.21
 320.06201  67.36679      -193.88
 323.28207  67.39275      -554.20
 317.96364  67.44974       -30.52
 321.21875  67.51422      -278.67
 319.11999  67.60996       -67.85
 322.38526  67.65533      -376.30
 320.28713  67.76395      -128.43
 323.56123  67.79002      -480.21
 321.46480  67.91159      -209.61
 319.33191  68.00696       -18.23
 322.65268  68.05275      -306.00
 320.52032  68.16129       -72.23
 321.71973  68.30910      -149.29
 322.92983  68.45025      -242.61
 320.76203  68.55881       -26.05
 321.98408  68.70674       -98.16
 312.99628  61.05139      -575.11
 315.59769  61.13238      -528.94
 316.50352  61.28138      -512.95
 314.80384  61.37215      -529.56
 313.08158  61.44229      -529.87
 315.71626  61.52624      -523.22
 313.99434  61.60585      -510.66
 312.25049  61.66436      -501.23
 316.63435  61.67606      -524.37
 314.91313  61.76517      -505.24
 317.55806  61.82154      -526.25
 313.16909  61.83330      -480.47
 315.83792  61.92017      -514.26
 314.09404  61.99796      -470.82
 312.32804  62.05430      -443.42
 316.76863  62.07080      -533.47
 315.02530  62.15827      -478.21
 313.25889  62.22442      -429.38
 311.47116  62.26865      -399.99
 314.19639  62.39017      -429.55
 312.40764  62.44437      -386.14
 313.35110  62.61568      -378.71
 314.30151  62.78251      -388.34
 311.54025  62.65760      -342.01
 312.48938  62.83459      -331.49
 310.65674  62.86393      -295.10
 313.44583  63.00708      -329.99
 311.61121  63.04672      -289.11
 314.40953  63.17500      -348.11
 312.57337  63.22499      -280.94
 310.71660  63.25186      -249.78
 313.54318  63.39866      -284.18
 311.68414  63.43603      -242.60
 314.52059  63.56765      -309.20
 312.65972  63.61557      -235.40
 310.77814  63.64001      -213.16
 315.50552  63.73189      -360.71
 313.64330  63.79041      -241.74
 311.75913  63.82555      -203.26
 314.63483  63.96047      -271.53
 312.74853  64.00636      -195.39
 310.84143  64.02837      -185.77
 315.63423  64.12566      -328.77
 313.74631  64.18236      -202.82
 311.83627  64.21529      -171.57
 314.75240  64.35348      -234.79
 312.83993  64.39737      -161.24
 310.90654  64.41698      -167.92
 313.85235  64.57453      -167.50
 311.91567  64.60527      -147.92
 314.87348  64.74669      -198.70
 312.93403  64.78861      -133.31
 310.97358  64.80585      -159.91
 313.96158  64.96693      -135.98
 311.99745  64.99550      -132.79
 314.99824  65.14013      -163.32
 313.03099  65.18011      -112.12
 311.04264  65.19499      -162.11
 314.07415  65.35957      -108.76
 312.08172  65.38601      -126.76
 310.06969  65.38687      -214.91
 315.12686  65.53379      -129.16
 313.13094  65.57187       -98.32
 311.11381  65.58443      -174.85
 314.19024  65.75247       -86.57
 310.12737  65.77513      -248.52
 312.16861  65.77681      -130.35
 315.25955  65.92771       -97.17
 309.12255  65.95791      -338.89
 313.23404  65.96392       -92.55
 311.18722  65.97417      -198.25
 314.31004  66.14564       -70.26
 312.25826  66.16792      -143.76
 315.39652  66.32188       -68.63
 313.34045  66.35627       -95.17
 311.26297  66.36425      -231.80
 314.43373  66.53911       -60.49
 312.35082  66.55935      -166.51
 315.53800  66.71633       -44.82
 313.45036  66.74893      -105.84
 311.34119  66.75466      -274.00
 316.65312  66.88783       -50.48
 314.56154  66.93288       -57.41
 310.31172  66.94197      -404.65
 312.44643  66.95112      -197.10
 315.68423  67.11108       -26.65
 313.56395  67.14193      -123.34
 311.42202  67.14544      -322.11
 316.81833  67.28340       -17.04
 314.69368  67.32697       -60.35
 310.37728  67.33165      -466.62
 312.54528  67.34325      -232.81
 315.83550  67.50612       -14.31
 313.68143  67.53528      -145.32
 311.50561  67.53660      -372.14
 316.98927  67.67925        10.04
 314.83040  67.72140       -67.70
 310.44509  67.72174      -526.28
 312.64754  67.73575      -269.80
 318.15481  67.84624         9.33
 315.99206  67.90148        -7.09
 311.59209  67.92815      -419.05
 313.80302  67.92899      -168.50
 317.16627  68.07539        30.59
 310.51527  68.11223      -577.97
 314.97197  68.11617       -77.03
 312.75340  68.12865      -303.44
 318.35283  68.24301        40.95
 316.15425  68.29716        -3.46
 311.68165  68.32012      -457.45
 313.92895  68.32308      -189.01
 319.55151  68.40419        21.81
 310.58795  68.50317      -616.11
 310.66330  68.89455      -636.07
 317.34970  68.47183        45.40
 315.11866  68.51131       -85.37
 312.86308  68.52195      -328.98
 318.55811  68.64004        64.74
 316.32237  68.69319        -1.33
 311.77446  68.71252      -482.34
 314.05949  68.71756      -203.02
 319.77924  68.80165        52.58
 317.53993  68.86859        55.96
 315.27077  68.90682       -89.86
 312.97679  68.91567      -342.35
 321.01278  68.95652        10.57
 318.77109  69.03735        81.91
 316.49680  69.08957         1.43
 311.87072  69.10537      -490.00
 314.19489  69.11245      -207.47
 320.01560  69.19934        75.28
 317.73737  69.26566        63.99
 310.74147  69.28641      -635.05
 315.42865  69.30272       -88.27
 313.09480  69.30983      -340.91
 321.27312  69.35441        38.81
 318.99223  69.43495        94.02
 316.67791  69.48631         6.51
 311.97063  69.49869      -478.77
 314.33548  69.50777      -200.65
 320.26111  69.59727        91.41
 317.94246  69.66306        70.93
 310.82262  69.67875      -612.68
 315.59264  69.69902       -79.54
 313.21735  69.70445      -324.03
 321.54364  69.75248        59.93
 319.22205  69.83282       102.46
 316.86612  69.88342        14.70
 312.07442  69.89249      -449.44
 314.48156  69.90352      -182.65
 320.51635  69.99543       102.25
 318.15570  70.06080        77.58
 310.90695  70.07161      -571.23
 315.76313  70.09573       -64.02
 313.34473  70.09954      -293.25
 321.82498  70.15073        74.90
 319.46108  70.23099       108.12
 309.71528  70.24154      -686.35
 317.06189  70.28091        25.73
 312.18235  70.28679      -405.11
 314.63348  70.29973      -155.30
 320.78193  70.39383       108.63
 318.37760  70.45887        83.97
 310.99466  70.46499      -515.24
 315.94054  70.49287       -43.38
 313.47727  70.49511      -252.03
 322.11783  70.54915        84.16
 319.70994  70.62945       111.26
 309.78206  70.63386      -622.59
 317.26570  70.67879        38.44
 312.29467  70.68160      -350.69
 314.79163  70.69640      -121.81
 321.05854  70.79246       110.82
 318.60872  70.85729        89.47
 311.08598  70.85891      -450.71
 316.12531  70.89045       -20.15
 313.61528  70.89119      -204.99
 322.42295  70.94774        87.73
 309.85160  71.02675      -552.54
 319.96926  71.02820       111.67
 312.41167  71.07696      -291.95
 317.47810  71.07707        51.12
 314.95643  71.09355       -86.04
 321.34690  71.19133       108.80
 311.18113  71.25340      -384.03
 318.84970  71.25607        93.16
 313.75914  71.28779      -157.06
 316.31796  71.28847         2.86
 309.92408  71.42022      -482.66
 320.23975  71.42725       109.00
 312.53369  71.47286      -234.40
 317.69965  71.47575        62.06
 315.12831  71.49119       -51.68
 321.64781  71.59041       102.60
 311.28039  71.64847      -320.80
 319.10119  71.65519        94.25
 313.90926  71.68491      -112.48
 316.51901  71.68694        23.26
 309.99971  71.81430      -418.19
 320.52219  71.82658       103.16
 312.66105  71.86934      -182.37
 317.93100  71.87484        70.01
 315.30777  71.88933       -21.55
 308.69225  71.97005      -525.20
 321.96215  71.98971        92.67
 311.38403  72.04414      -265.01
 319.36394  72.05466        92.40
 314.06607  72.08259       -74.10
 316.72905  72.08588        39.53
 310.07871  72.20901      -362.34
 320.81741  72.22619        94.54
 312.79414  72.26640      -138.39
 318.17283  72.27435        74.50
 315.49536  72.28799         2.82
 308.74572  72.36363      -472.37
 311.49238  72.44043      -218.52
 319.63875  72.45449        87.94
 314.23004  72.48082       -43.15
 316.94874  72.48529        51.21
 321.12634  72.62608        84.07
 312.93337  72.66406      -103.08
 318.42592  72.67427        75.83
 315.69165  72.68717        21.24
 319.92651  72.85466        81.71
 317.17877  72.88518        58.75
 307.38588  72.50769      -588.11
 310.16132  72.60436      -316.14
 308.80166  72.75787      -428.53
 311.60577  72.83735      -181.13
 314.40171  72.87963       -19.31
 307.41425  72.90064      -547.84
 310.24780  73.00038      -278.55
 306.00012  73.03236      -662.02
 313.07921  73.06234       -75.46
 318.69110  73.07460        74.85
 315.89731  73.08689        34.49
 308.86023  73.15280      -391.91
 311.72458  73.23493      -151.18
 320.22819  73.25517        74.82
 314.58166  73.27903        -1.31
 317.41994  73.28555        63.13
 307.44397  73.29428      -512.74
 310.33846  73.39708      -247.21
 306.00012  73.42452      -628.61
 313.23215  73.46125       -53.69
 318.96928  73.47535        72.54
 316.11304  73.48715        43.83
 308.92165  73.54843      -359.62
 311.84924  73.63319      -126.25
 314.77053  73.67902        12.45
 317.67310  73.68641        65.36
 304.52487  73.68865      -726.27
 307.47514  73.68865      -479.58
 310.43361  73.79449      -219.29
 306.00012  73.81741      -594.65
 313.39274  73.86081       -35.77
 319.26149  73.87651        69.70
 316.33963  73.88796        50.38
 308.98613  73.94480      -328.53
 311.98020  74.03213      -104.03
 314.96902  74.07963        23.31
 304.49213  74.08377      -688.90
 307.50787  74.08377      -445.11
 317.93920  74.08774        66.12
 310.53362  74.19262      -192.25
 306.00013  74.21105      -556.89
 313.56161  74.26103       -20.19
 316.57795  74.28932        54.83
 309.05393  74.34192      -296.05
 312.11797  74.43178       -82.90
 304.45770  74.47965      -644.31
 307.54230  74.47965      -406.79
 315.17791  74.48085        31.99
 318.21929  74.48957        65.67
 310.63886  74.59150      -164.47
 306.00013  74.60546      -512.91
 313.73943  74.66193        -6.23
 316.82898  74.69124        57.37
 309.12531  74.73981      -260.62
 312.26312  74.83216       -62.16
 307.57856  74.87632      -363.21
 304.42144  74.87632      -590.61
 315.39808  74.88270        38.61
 310.74980  74.99115      -135.37
 306.00013  75.00067      -461.53
 313.92696  75.06352         6.19
 317.09379  75.09373        57.93
 302.79943  75.13849      -637.02
 309.20058  75.13849      -221.86
 312.41628  75.23329       -41.90
 304.38320  75.27380      -527.40
 307.61681  75.27380      -314.25
 315.63049  75.28519        43.09
 310.86692  75.39158      -105.24
 306.00014  75.39670      -402.89
 314.12505  75.46581        16.83
 302.71993  75.53800      -563.00
 309.28007  75.53800      -180.37
 312.57815  75.63517       -22.56
 307.65722  75.67213      -260.87
 304.34279  75.67213      -455.74
 315.87623  75.68832        45.51
 310.99076  75.79282       -74.88
 301.00924  75.79282      -566.62
 306.00014  75.79358      -338.38
 314.33464  75.86882        25.63
 302.63583  75.93835      -480.48
 309.36417  75.93835      -137.38
 312.74953  76.03783        -4.55
 307.69998  76.07132      -204.82
 304.30002  76.07132      -378.06
 292.49503  76.10157      -516.85
 306.00014  76.19133      -270.32
 311.12195  76.19489       -45.18
 300.87805  76.19489      -477.49
 314.55679  76.27255        33.00
 309.45330  76.33956       -94.39
 302.54670  76.33956      -393.08
 312.93130  76.44128        12.11
 299.06870  76.44128      -453.62
 307.74533  76.47139      -148.31
 304.25468  76.47139      -297.78
 295.58732  76.49651      -461.97
 292.12454  76.50568      -459.76
 306.00015  76.58997      -201.66
 311.26118  76.59780       -16.79
 300.73882  76.59780      -386.07
 297.20731  76.67701      -420.21
 293.68296  76.70922      -427.71
 309.54794  76.74165       -52.87
 302.45206  76.74165      -305.47
 313.12447  76.84553        27.72
 298.87553  76.84553      -365.32
 304.20651  76.87238      -219.02
 307.79349  76.87238       -93.68
 295.29371  76.90157      -389.44
 291.73064  76.91020      -403.88
 306.00015  76.98953      -135.67
 300.59077  77.00158      -298.16
 311.40924  77.00158         9.77
 296.95629  77.08220      -342.20
 289.73128  77.09896      -390.34
 309.64864  77.14466       -14.25
 302.35137  77.14466      -222.87
 298.66983  77.25060      -285.09
 304.15524  77.27430      -146.16
 307.84476  77.27430       -43.40
 294.98091  77.30726      -327.36
 306.00015  77.39003       -75.76
 300.43300  77.40624      -219.77
 296.68863  77.48813      -276.84
 302.24400  77.54860      -150.56
 298.45031  77.65650      -219.11
 304.10055  77.67719       -83.57
 294.64694  77.71359      -280.85
 300.26450  77.81180      -156.49
 296.40258  77.89481      -229.66
 292.54503  77.92636      -294.78
 294.28956  78.12053      -252.41
 315.48209  60.73857      -530.24
 316.37599  60.88673      -498.70
 313.89717  61.21385      -547.15
 317.70520  62.21699      -555.43
 316.90652  62.46561      -540.40
 317.04819  62.86050      -544.78
 318.33556  63.79944      -631.87
 319.33438  63.94335      -718.13
 318.50461  64.19528      -630.31
 309.95943  64.61124      -180.41
 319.90422  65.13265      -689.62
 308.09954  66.13254      -437.38
 322.75169  66.59832      -701.95
 326.79796  67.75834      -810.73
 328.35185  68.26221      -772.75
 309.41730  68.28775      -733.03
 329.56892  68.36306      -778.10
 330.79270  68.45681      -754.20
 332.47288  68.93470      -612.06
 307.21813  69.77489      -987.20
 307.26125  70.55272      -887.05
 337.79050  71.00804      -198.30
 332.74310  71.11141      -287.79
 308.59204  71.18482      -655.37
 334.15287  71.19417      -287.56
 307.30796  71.33284      -755.31
 331.84099  71.41226      -253.11
 308.64108  71.57713      -586.98
 334.71486  71.58239      -269.73
 330.90651  71.70739      -211.83
 333.82779  71.89132      -260.92
 335.30135  71.96968      -254.96
 331.41749  72.10021      -210.93
 307.35876  72.11543      -635.95
 306.00012  72.64090      -698.27
 332.51076  72.88397      -213.72
 333.71063  73.66467      -190.41
 335.35185  73.74974      -178.22
 334.35546  74.05361      -162.40
 336.76184  74.52045       -71.85
 338.50064  74.58824        30.03
 297.44322  76.27255      -504.30
 294.01641  76.30453      -492.78
 294.16354  80.34989      -336.10
 296.36937  80.52143      -296.54
 333.02599  80.62027      -139.71
 298.66042  80.67721      -254.37
 345.03845  80.82981       585.34
 338.96155  80.82981        32.15
 343.58581  81.20533       454.35
 345.29328  81.49979       694.20
 330.28066  81.53088       -87.51
 303.24758  81.76491      -235.71
 308.75243  81.76491      -161.73
 306.00023  81.86597      -197.13
 317.52875  82.17625       -68.49
 328.01804  82.81098       202.28
 321.66551  82.82449       113.94
 322.58420  83.23728       306.13
